Chromosome	Start	End	Num.Probes	Segment.Mean
chr1	61735	2789507	582	2.32702
chr1	2789507	2833246	11	1.68096
chr1	2833246	16144996	7956	2.40682
chr1	16144996	16152562	12	1.85386
chr1	16152562	17008714	372	2.44768
chr1	17008714	17262060	124	2.01482
chr1	17262060	19029848	1320	2.39109
chr1	19029848	19044597	11	1.80904
chr1	19044597	48932646	17017	2.45029
chr1	48932646	49998564	649	3.01866
chr1	49998564	50051680	18	2.33629
chr1	50051680	57296370	4388	2.99961
chr1	57296370	57317542	12	2.23377
chr1	57317542	66648328	7117	2.99626
chr1	66648328	66671054	10	2.09909
chr1	66671054	70363988	2527	2.99983
chr1	70363988	70392292	12	2.23095
chr1	70392292	71087883	418	3.01877
chr1	71087883	72768458	1035	2.46691
chr1	72768458	72788784	20	1.90998
chr1	72788784	72800557	11	2.79763
chr1	72800557	72810390	12	1.76177
chr1	72810390	77763214	3229	2.48737
chr1	77763214	77800937	61	1.90541
chr1	77800937	79658598	1073	2.5234
chr1	79658598	79690045	13	1.8408
chr1	79690045	85980141	4349	2.47688
chr1	85980141	86004587	11	3.88819
chr1	86004587	91907377	3931	2.4858
chr1	91907377	95781579	2507	1.94372
chr1	95781579	95796601	18	1.38077
chr1	95796601	99711883	2369	1.96514
chr1	99711883	102102641	1596	3.13756
chr1	102102641	110227448	4826	1.93311
chr1	110227448	110246275	25	1.42229
chr1	110246275	117980771	5472	1.9345
chr1	117980771	119217460	743	2.52294
chr1	119217460	120118133	607	2.96514
chr1	120118133	120129476	30	2.3795
chr1	120129476	145080023	628	3.12949
chr1	145080023	145377343	108	3.7839
chr1	145377343	145416085	14	4.91167
chr1	145416085	145723170	140	6.3601
chr1	145723170	147340131	627	5.44276
chr1	147340131	147837986	94	6.44977
chr1	147837986	148566350	12	4.46471
chr1	148566350	148636830	10	2.86257
chr1	148636830	148662618	11	5.38437
chr1	148662618	148882141	10	2.85002
chr1	148882141	149338206	167	4.7644
chr1	149338206	149718166	43	3.4593
chr1	149718166	149921102	83	4.99716
chr1	149921102	150277205	158	6.60451
chr1	150277205	150300387	11	4.69141
chr1	150300387	151321943	452	6.62257
chr1	151321943	152230547	568	5.59227
chr1	152230547	152270631	10	3.85353
chr1	152270631	152555616	210	5.86624
chr1	152555616	152586585	34	2.17473
chr1	152586585	152885471	296	5.72902
chr1	152885471	153602551	518	1.43096
chr1	153602551	157105969	1684	2.48025
chr1	157105969	157473158	250	1.39328
chr1	157473158	157483118	10	1.02518
chr1	157483118	160654772	2338	1.39955
chr1	160654772	160660305	10	0.967109
chr1	160660305	165134609	3322	1.4029
chr1	165134609	165850483	679	2.48443
chr1	165850483	167880281	1556	1.40464
chr1	167880281	167909619	10	0.868163
chr1	167909619	169225455	1034	1.41381
chr1	169225455	169255951	10	2.09018
chr1	169255951	169625101	274	1.43965
chr1	169625101	175007927	3409	2.5425
chr1	175007927	185910475	7481	1.40574
chr1	185910475	191232255	3525	2.47119
chr1	191232255	191274048	30	1.90104
chr1	191274048	191340743	30	2.5651
chr1	191340743	192135205	474	1.38198
chr1	192135205	192302883	96	2.5349
chr1	192302883	192318943	11	1.73764
chr1	192318943	192572161	179	2.56919
chr1	192572161	196726541	2887	1.3763
chr1	196726541	196741341	16	0.646913
chr1	196741341	196749519	12	0.400379
chr1	196749519	196798712	48	0.949686
chr1	196798712	196801719	13	0.566997
chr1	196801719	197350502	296	1.34088
chr1	197350502	197364744	10	0.970068
chr1	197364744	202378882	3361	1.42747
chr1	202378882	202824399	278	2.47555
chr1	202824399	204501036	1146	1.38427
chr1	204501036	204509955	11	1.87027
chr1	204509955	206555897	1082	1.42138
chr1	206555897	206596134	11	1.93499
chr1	206596134	207688435	782	1.41966
chr1	207688435	207733120	10	1.01239
chr1	207733120	213242435	4088	1.40127
chr1	213242435	213270592	10	0.992289
chr1	213270592	224185540	7638	1.40415
chr1	224185540	225719695	1021	2.46077
chr1	225719695	228766465	1722	1.44411
chr1	228766465	228811543	10	0.887546
chr1	228811543	229050292	144	1.4144
chr1	229050292	229066685	10	1.05389
chr1	229066685	231076971	1590	1.39999
chr1	231076971	231087458	13	2.652
chr1	231087458	233467203	1794	1.3786
chr1	233467203	233470281	10	1.02968
chr1	233470281	234877292	1207	1.40155
chr1	234877292	234886577	11	1.04891
chr1	234886577	236877610	1238	1.41415
chr1	236877610	237543392	594	2.4871
chr1	237543392	239074661	1304	1.36788
chr1	239074661	240220376	872	2.5327
chr1	240220376	241699068	1205	1.39472
chr1	241699068	241708445	15	1.04195
chr1	241708445	242356844	475	1.40407
chr1	242356844	242368496	10	1.92672
chr1	242368496	244774201	1669	1.38996
chr1	244774201	244787491	14	1.06757
chr1	244787491	245400358	353	1.40564
chr1	245400358	245412736	10	1.01747
chr1	245412736	248083687	1900	1.41025
chr1	248083687	249224389	535	2.4174
chr2	12784	4209775	3035	1.30119
chr2	4209775	4217841	11	0.81274
chr2	4217841	4219540	10	0.47135
chr2	4219540	4340380	152	1.26842
chr2	4340380	4354794	14	0.906811
chr2	4354794	10953051	5199	1.32225
chr2	10953051	34422179	15784	2.44058
chr2	34422179	34440423	13	1.81628
chr2	34440423	42770942	6362	2.48377
chr2	42770942	42804362	12	1.85464
chr2	42804362	47725296	3634	2.46009
chr2	47725296	47737466	10	1.80133
chr2	47737466	51646275	2674	2.45101
chr2	51646275	51654243	13	1.87676
chr2	51654243	60452178	6273	2.44498
chr2	60452178	60471374	10	1.82202
chr2	60471374	73124397	7904	2.41362
chr2	73124397	73236875	48	4.1557
chr2	73236875	73396351	64	2.77001
chr2	73396351	73555701	61	1.90273
chr2	73555701	74062724	226	2.93621
chr2	74062724	74816719	443	1.89191
chr2	74816719	75011378	123	2.37276
chr2	75011378	75288734	185	1.88473
chr2	75288734	75747722	401	2.44003
chr2	75747722	78250232	1754	1.86443
chr2	78250232	78315390	55	3.00656
chr2	78315390	78354172	27	1.80967
chr2	78354172	78388795	20	2.83203
chr2	78388795	79019133	331	1.89636
chr2	79019133	79188701	135	3.92643
chr2	79188701	81787484	1895	1.87371
chr2	81787484	81799226	11	1.3882
chr2	81799226	82328531	345	1.9126
chr2	82328531	82367612	21	4.57989
chr2	82367612	83047950	381	1.87437
chr2	83047950	83141971	48	3.03415
chr2	83141971	84836160	982	1.8781
chr2	84836160	88253119	1541	2.481
chr2	88253119	89600118	652	1.93015
chr2	89600118	91787238	202	2.32393
chr2	91787238	91811512	25	3.35507
chr2	91811512	95338097	85	2.59348
chr2	95338097	95893638	179	3.57851
chr2	95893638	96032639	56	2.82388
chr2	96032639	96836520	228	3.57387
chr2	96836520	96977542	57	4.37775
chr2	96977542	97054976	22	2.07622
chr2	97054976	97382857	133	2.95776
chr2	97382857	97757547	159	4.47991
chr2	97757547	97867517	48	2.98563
chr2	97867517	97881753	10	2.16185
chr2	97881753	99551459	787	3.41207
chr2	99551459	123848655	14859	2.41365
chr2	123848655	123893281	30	1.2376
chr2	123893281	135952255	7414	2.38781
chr2	135952255	136041773	35	3.04209
chr2	136041773	158712673	13889	2.46013
chr2	158712673	163535542	2982	1.3699
chr2	163535542	163551696	13	1.01843
chr2	163551696	168044010	2635	1.33479
chr2	168044010	168058977	10	0.981806
chr2	168058977	170748703	1847	1.37069
chr2	170748703	170772239	10	1.0054
chr2	170772239	177256202	4094	1.36727
chr2	177256202	177276211	10	1.89301
chr2	177276211	180047855	1857	1.37088
chr2	180047855	180081367	11	1.84765
chr2	180081367	194244625	8509	1.36454
chr2	194244625	194255109	11	1.01147
chr2	194255109	199410516	2896	1.36326
chr2	199410516	199676578	184	1.9804
chr2	199676578	200328398	377	1.39071
chr2	200328398	200360884	14	0.383448
chr2	200360884	200384405	10	0.213839
chr2	200384405	200399575	12	0.458125
chr2	200399575	200505456	67	0.303206
chr2	200505456	200534001	12	0.445476
chr2	200534001	200551129	10	0.250325
chr2	200551129	200567129	11	0.422368
chr2	200567129	200580195	13	0.253392
chr2	200580195	200650149	48	0.333273
chr2	200650149	205506825	2800	1.37444
chr2	205506825	205552266	31	1.10326
chr2	205552266	212692547	4622	1.35849
chr2	212692547	212705671	10	0.873844
chr2	212705671	213286118	437	1.32034
chr2	213286118	213322560	22	0.271112
chr2	213322560	224942711	7694	1.34532
chr2	224942711	230117674	3454	2.45873
chr2	230117674	230812781	446	1.31931
chr2	230812781	230829332	11	1.78858
chr2	230829332	234203063	1851	1.35735
chr2	234203063	234220896	11	1.84033
chr2	234220896	243089457	5768	1.35447
chr3	60345	840840	670	1.85282
chr3	840840	862693	10	1.2564
chr3	862693	1899577	1014	1.86478
chr3	1899577	1913234	18	1.4896
chr3	1913234	20004631	13599	1.9065
chr3	20004631	20024549	10	1.34611
chr3	20024549	20306648	196	1.84448
chr3	20306648	20337351	10	1.19264
chr3	20337351	31525158	8400	1.91432
chr3	31525158	31533911	11	1.38802
chr3	31533911	32035497	300	1.95381
chr3	32035497	32048351	10	0.612986
chr3	32048351	42080155	6501	1.92606
chr3	42080155	42103925	10	1.43382
chr3	42103925	42444690	298	1.95092
chr3	42444690	42458402	10	1.41447
chr3	42458402	46631499	2496	1.93219
chr3	46631499	46649629	10	1.41085
chr3	46649629	47464695	397	1.94018
chr3	47464695	47501031	10	1.37858
chr3	47501031	51415545	1584	1.95363
chr3	51415545	51442379	10	1.35986
chr3	51442379	55879185	2873	1.91443
chr3	55879185	55887830	12	1.47052
chr3	55887830	60331975	3173	1.93293
chr3	60331975	60342981	12	2.50496
chr3	60342981	61915018	1428	1.91762
chr3	61915018	61933817	10	1.46028
chr3	61933817	64568519	2244	1.93265
chr3	64568519	64596348	16	3.08698
chr3	64596348	64788661	191	1.93609
chr3	64788661	65176853	403	2.98131
chr3	65176853	66027301	748	2.45671
chr3	66027301	66065970	14	3.56861
chr3	66065970	66735042	331	4.88408
chr3	66735042	68746365	1432	2.45706
chr3	68746365	68748085	12	1.41369
chr3	68748085	69925669	1000	2.50203
chr3	69925669	70492763	411	4.63367
chr3	70492763	70645689	104	3.46499
chr3	70645689	71767961	783	1.88345
chr3	71767961	71930166	102	3.46767
chr3	71930166	73333371	1066	3.98712
chr3	73333371	75213009	1360	4.77338
chr3	75213009	75545497	174	2.77657
chr3	75545497	78851969	1940	1.93061
chr3	78851969	78890881	23	2.4682
chr3	78890881	89390846	5839	1.88789
chr3	89390846	89419651	51	0.602931
chr3	89419651	98944467	3278	1.85374
chr3	98944467	98949311	35	1.39267
chr3	98949311	110687125	7102	1.89867
chr3	110687125	110717376	12	1.46061
chr3	110717376	116078258	3329	1.88782
chr3	116078258	116096213	18	1.47733
chr3	116096213	116509830	372	1.89754
chr3	116509830	116527430	14	1.13896
chr3	116527430	116896072	318	0.770345
chr3	116896072	128428971	7154	1.87382
chr3	128428971	128434175	11	1.31427
chr3	128434175	129297050	382	1.8797
chr3	129297050	129354226	35	1.54478
chr3	129354226	147900724	11582	1.87888
chr3	147900724	147914850	10	1.31368
chr3	147914850	148824445	606	1.89445
chr3	148824445	148847526	10	1.39652
chr3	148847526	151402008	1693	1.90856
chr3	151402008	151407251	10	1.36635
chr3	151407251	158736783	4438	1.9078
chr3	158736783	158757718	10	1.39583
chr3	158757718	162512915	2387	1.88263
chr3	162512915	162545972	21	1.26397
chr3	162545972	164928813	1320	1.81206
chr3	164928813	164958490	10	1.37181
chr3	164958490	174570813	6027	1.87319
chr3	174570813	174718180	99	1.264
chr3	174718180	174737807	15	0.233612
chr3	174737807	174750062	10	0.447988
chr3	174750062	174759355	10	0.196347
chr3	174759355	174787126	11	0.289051
chr3	174787126	174832502	38	1.78999
chr3	174832502	174949626	109	2.47948
chr3	174949626	175107449	165	0.768043
chr3	175107449	175129303	20	2.66984
chr3	175129303	175154939	15	0.659855
chr3	175154939	190126063	9635	2.50006
chr3	190126063	190149807	10	1.80537
chr3	190149807	192879739	1942	2.46512
chr3	192879739	192882820	10	1.68881
chr3	192882820	197896119	2738	2.46773
chr4	12281	67770	63	1.65242
chr4	67770	4106787	1679	2.41888
chr4	4106787	4176901	21	1.9457
chr4	4176901	4524186	268	2.44627
chr4	4524186	4669978	113	1.87927
chr4	4669978	4693405	18	2.99048
chr4	4693405	5040754	289	2.39685
chr4	5040754	5199676	147	1.323
chr4	5199676	15059788	7308	2.40457
chr4	15059788	15186248	106	1.37984
chr4	15186248	15903144	483	2.49021
chr4	15903144	17913858	1557	1.91551
chr4	17913858	17943130	10	1.45229
chr4	17943130	20064841	1294	1.91827
chr4	20064841	20090936	17	2.7524
chr4	20090936	46174697	17188	1.88205
chr4	46174697	46249978	37	2.6376
chr4	46249978	49088999	1657	3.16852
chr4	49088999	64697493	7717	2.44166
chr4	64697493	64705341	13	1.72473
chr4	64705341	75088641	6336	2.42421
chr4	75088641	75089839	14	1.87726
chr4	75089839	86343844	7145	2.46242
chr4	86343844	86918968	430	1.32396
chr4	86918968	103678566	10130	2.44934
chr4	103678566	103703614	10	1.53593
chr4	103703614	104316298	331	2.49183
chr4	104316298	104334327	11	1.76827
chr4	104334327	116799514	7664	2.46752
chr4	116799514	116820033	10	1.85689
chr4	116820033	190129396	46447	2.40395
chr4	190129396	190131317	10	3.11755
chr4	190131317	191027924	446	2.26811
chr5	15532	784763	348	1.75738
chr5	784763	879041	39	2.26107
chr5	879041	1262394	163	1.80445
chr5	1262394	1267383	10	1.29001
chr5	1267383	10818980	8360	1.78362
chr5	10818980	10832987	10	2.58057
chr5	10832987	12808334	1423	1.80604
chr5	12808334	12825530	10	2.84723
chr5	12825530	17821669	3379	1.81623
chr5	17821669	17841402	10	1.31291
chr5	17841402	23832129	3608	1.7739
chr5	23832129	23849576	10	1.25254
chr5	23849576	27509170	2192	1.76827
chr5	27509170	29403439	1123	2.22669
chr5	29403439	47911052	10498	2.89575
chr5	47911052	49895623	169	2.47834
chr5	49895623	49980330	31	1.5923
chr5	49980330	50168555	104	1.26756
chr5	50168555	57326221	4817	2.4905
chr5	57326221	57332067	17	1.83222
chr5	57332067	71181503	7750	2.49729
chr5	71181503	80232154	5929	1.34945
chr5	80232154	80274134	23	1.00805
chr5	80274134	81419284	695	1.37264
chr5	81419284	81451420	10	0.763073
chr5	81451420	83227261	1166	1.34313
chr5	83227261	83257118	17	1.80715
chr5	83257118	119323757	22332	1.33125
chr5	119323757	119335315	10	0.960665
chr5	119335315	120425184	723	1.32989
chr5	120425184	120468140	23	0.380804
chr5	120468140	132958090	7755	1.35261
chr5	132958090	132973516	10	0.99413
chr5	132973516	134003420	684	1.35561
chr5	134003420	134039200	11	0.995255
chr5	134039200	155475938	13864	1.34463
chr5	155475938	155495251	15	2.59943
chr5	155495251	164507249	6004	1.33006
chr5	164507249	164524323	15	0.311681
chr5	164524323	164536945	10	0.198957
chr5	164536945	164551244	16	0.332401
chr5	164551244	164565269	15	0.196992
chr5	164565269	164746203	111	0.260771
chr5	164746203	164769531	13	0.435838
chr5	164769531	164827627	36	0.215546
chr5	164827627	164884496	29	0.332087
chr5	164884496	164931385	32	0.230967
chr5	164931385	165008119	42	0.326225
chr5	165008119	165028516	11	0.179699
chr5	165028516	165121777	71	0.315269
chr5	165121777	165243013	73	0.242041
chr5	165243013	165254474	10	0.398149
chr5	165254474	165272000	16	1.29686
chr5	165272000	165359071	59	0.308733
chr5	165359071	165374849	15	0.211587
chr5	165374849	165401142	19	0.450025
chr5	165401142	165414069	18	0.240739
chr5	165414069	165462583	39	0.351503
chr5	165462583	165519211	40	0.195876
chr5	165519211	165603936	63	0.301468
chr5	165603936	165648058	18	0.163978
chr5	165648058	165654935	10	0.429524
chr5	165654935	165757012	84	0.262961
chr5	165757012	165769118	10	0.416319
chr5	165769118	165780142	16	0.263357
chr5	165780142	165794650	11	0.162913
chr5	165794650	165847131	52	0.315807
chr5	165847131	165849161	12	0.215028
chr5	165849161	166112358	194	0.290953
chr5	166112358	166187228	54	0.350429
chr5	166187228	166232113	25	0.218568
chr5	166232113	166332567	65	0.346477
chr5	166332567	166346025	16	0.201332
chr5	166346025	166391755	26	0.319142
chr5	166391755	166409344	10	0.199715
chr5	166409344	166499533	67	0.309854
chr5	166499533	166654725	87	1.26632
chr5	166654725	166720667	46	0.274227
chr5	166720667	166780605	28	0.208047
chr5	166780605	166824366	29	0.308716
chr5	166824366	166856405	20	0.203496
chr5	166856405	166909936	53	0.276117
chr5	166909936	175465587	6547	1.34764
chr5	175465587	175558775	10	0.971998
chr5	175558775	177161769	726	1.35047
chr5	177161769	177313538	15	1.8901
chr5	177313538	179045130	1035	1.34513
chr5	179045130	179051599	11	0.959999
chr5	179051599	180790321	984	1.34547
chr6	149661	7210375	6007	2.9894
chr6	7210375	7380568	92	1.33017
chr6	7380568	15895736	6514	3.02772
chr6	15895736	15923104	17	4.16546
chr6	15923104	18226001	1658	3.04943
chr6	18226001	18236098	10	1.94304
chr6	18236098	19728484	1216	3.0163
chr6	19728484	20131135	337	3.60036
chr6	20131135	23868154	2732	3.08531
chr6	23868154	24502195	471	3.61329
chr6	24502195	27669093	1937	3.00065
chr6	27669093	27674214	18	2.27598
chr6	27674214	28895780	591	2.93532
chr6	28895780	29840986	460	3.38598
chr6	29840986	29849941	10	1.94512
chr6	29849941	32057495	1003	3.43365
chr6	32057495	33409736	723	3.02957
chr6	33409736	33413846	15	2.16975
chr6	33413846	33903922	342	2.83832
chr6	33903922	34512679	358	3.34263
chr6	34512679	34516883	16	2.60571
chr6	34516883	36992698	1458	3.51806
chr6	36992698	37018063	13	2.68465
chr6	37018063	40602955	2651	3.52733
chr6	40602955	40610942	10	2.62741
chr6	40610942	46542420	3686	3.53573
chr6	46542420	48366007	1249	3.0732
chr6	48366007	48731188	220	3.59999
chr6	48731188	50719361	1134	3.01347
chr6	50719361	51105980	244	2.42041
chr6	51105980	51287148	148	3.52668
chr6	51287148	51383102	63	2.81783
chr6	51383102	51513121	108	3.62554
chr6	51513121	57622714	3962	2.51423
chr6	57622714	57631266	10	1.77466
chr6	57631266	72007191	6794	2.43961
chr6	72007191	72020943	10	1.84866
chr6	72020943	74541562	1654	2.43859
chr6	74541562	74568161	10	1.87545
chr6	74568161	77064630	1599	2.52046
chr6	77064630	77090798	10	1.88213
chr6	77090798	85906357	5837	2.49955
chr6	85906357	85945089	16	1.91194
chr6	85945089	97706006	7463	2.44383
chr6	97706006	97736030	15	3.11049
chr6	97736030	101573108	2354	2.44892
chr6	101573108	101650469	42	1.25847
chr6	101650469	101678415	16	0.25012
chr6	101678415	101708166	15	0.373795
chr6	101708166	101803529	70	0.26071
chr6	101803529	101822519	14	1.27417
chr6	101822519	101836315	12	2.35038
chr6	101836315	101891334	50	1.31434
chr6	101891334	103736402	1119	2.4035
chr6	103736402	103747442	11	1.52243
chr6	103747442	111792541	5135	2.44985
chr6	111792541	111815469	10	3.27095
chr6	111815469	120666675	5412	2.47749
chr6	120666675	120680438	11	1.90853
chr6	120680438	130788017	6404	2.50086
chr6	130788017	130804800	11	1.88546
chr6	130804800	160828641	20339	2.46357
chr6	160828641	160846910	10	1.67367
chr6	160846910	162501809	1364	2.40319
chr6	162501809	162600222	82	1.32983
chr6	162600222	171051006	6088	2.38009
chr7	43259	1185957	334	1.36558
chr7	1185957	1202764	10	1.86191
chr7	1202764	3271446	993	1.35102
chr7	3271446	3284345	12	1.81211
chr7	3284345	5901236	1757	1.33645
chr7	5901236	5993018	30	1.76403
chr7	5993018	8453497	1699	1.35715
chr7	8453497	8470120	10	0.999456
chr7	8470120	20799308	10164	1.33497
chr7	20799308	20815248	10	0.93004
chr7	20815248	38298078	12782	1.34484
chr7	38298078	38387127	117	2.11756
chr7	38387127	43412546	3448	1.36191
chr7	43412546	43427450	11	0.961259
chr7	43427450	52410510	6200	1.3186
chr7	52410510	52432595	10	0.958151
chr7	52432595	54184773	1310	1.27872
chr7	54184773	54187896	24	1.73395
chr7	54187896	55178221	840	1.33141
chr7	55178221	55185370	10	0.966133
chr7	55185370	56754062	880	1.34247
chr7	56754062	56772315	10	0.831784
chr7	56772315	61857973	571	1.37631
chr7	61857973	70111093	3994	2.35209
chr7	70111093	70155870	52	1.30434
chr7	70155870	78320512	3815	2.37755
chr7	78320512	78449009	101	1.2155
chr7	78449009	82911046	3049	2.41747
chr7	82911046	82949257	35	3.63731
chr7	82949257	102100102	11287	2.40931
chr7	102100102	102326448	11	1.6316
chr7	102326448	109437385	4633	2.38914
chr7	109437385	109441228	16	1.74827
chr7	109441228	114122601	2860	2.4121
chr7	114122601	114151950	11	1.75493
chr7	114151950	128466859	8826	2.40572
chr7	128466859	128499315	10	1.78615
chr7	128499315	142301161	8871	2.40191
chr7	142301161	142475829	91	2.98471
chr7	142475829	144541206	1245	2.35398
chr7	144541206	144558809	11	1.75031
chr7	144558809	146478463	1172	2.32259
chr7	146478463	146539328	38	1.31359
chr7	146539328	146596040	40	0.272342
chr7	146596040	146653167	27	0.443294
chr7	146653167	146707915	49	0.25567
chr7	146707915	146739169	25	0.352418
chr7	146739169	146759865	15	0.196126
chr7	146759865	146832858	45	0.330677
chr7	146832858	146864592	17	0.188158
chr7	146864592	146909321	26	0.39832
chr7	146909321	146931374	11	0.178979
chr7	146931374	146939166	10	0.298374
chr7	146939166	146958733	12	0.173895
chr7	146958733	147011884	50	0.274145
chr7	147011884	147347378	302	1.21077
chr7	147347378	159127005	7647	2.31097
chr8	31254	166771	12	1.75855
chr8	166771	472329	257	1.32077
chr8	472329	509127	13	1.00406
chr8	509127	594958	57	1.36624
chr8	594958	598475	11	2.05666
chr8	598475	2078942	1161	1.28802
chr8	2078942	2081577	12	1.7334
chr8	2081577	2247126	158	1.30167
chr8	2247126	2264843	16	0.539209
chr8	2264843	2701706	461	1.31181
chr8	2701706	2705535	10	0.718878
chr8	2705535	3959662	1619	1.29975
chr8	3959662	3973307	28	1.05499
chr8	3973307	4449829	847	1.32618
chr8	4449829	4452055	11	1.74267
chr8	4452055	5598767	1537	1.2973
chr8	5598767	5603996	20	0.526213
chr8	5603996	7282757	1791	1.33509
chr8	7282757	7641075	85	1.07726
chr8	7641075	7776486	27	1.45942
chr8	7776486	7793360	20	0.958455
chr8	7793360	8013567	61	1.37269
chr8	8013567	8093972	13	1.84652
chr8	8093972	8228574	134	1.32827
chr8	8228574	8254553	14	1.71852
chr8	8254553	11942105	3135	1.35218
chr8	11942105	12162760	10	0.957493
chr8	12162760	18006914	5322	1.31825
chr8	18006914	18017758	10	0.899786
chr8	18017758	18256561	184	1.33098
chr8	18256561	18271667	16	0.976367
chr8	18271667	18419582	132	1.34969
chr8	18419582	18791119	330	2.48319
chr8	18791119	20053566	1169	1.34709
chr8	20053566	20071799	10	1.00899
chr8	20071799	24974459	3525	1.339
chr8	24974459	24987718	26	2.37615
chr8	24987718	25568082	444	1.32204
chr8	25568082	25594754	10	0.956808
chr8	25594754	32678692	5068	1.34711
chr8	32678692	32690259	10	1.81845
chr8	32690259	38441971	3234	1.34371
chr8	38441971	38469838	12	1.00559
chr8	38469838	39233131	364	1.33886
chr8	39233131	39362937	48	0.427694
chr8	39362937	39388539	12	0.631804
chr8	39388539	42175466	1996	1.34497
chr8	42175466	42178289	10	1.02324
chr8	42178289	46912170	611	1.3538
chr8	46912170	50963223	1967	2.51
chr8	50963223	53120881	1404	3.06945
chr8	53120881	63674026	7112	1.94372
chr8	63674026	63695893	11	1.46433
chr8	63695893	74447130	6629	1.95806
chr8	74447130	84528876	5922	2.6282
chr8	84528876	84548695	10	1.9153
chr8	84548695	115638431	18594	2.61394
chr8	115638431	115641543	16	1.93617
chr8	115641543	123004672	5016	2.60384
chr8	123004672	123027199	12	1.87591
chr8	123027199	132249123	6640	2.59477
chr8	132249123	132325951	47	3.68526
chr8	132325951	132638370	226	1.33336
chr8	132638370	132670818	23	1.06758
chr8	132670818	133726088	812	1.33503
chr8	133726088	146298156	8527	2.40872
chr9	46587	202140	24	1.17608
chr9	202140	251494	74	0.883341
chr9	251494	263719	15	0.629118
chr9	263719	308131	56	0.872546
chr9	308131	332511	22	0.696968
chr9	332511	362915	29	0.993121
chr9	362915	384104	40	0.719427
chr9	384104	396336	14	0.980936
chr9	396336	459404	74	0.752756
chr9	459404	9805272	9133	1.90786
chr9	9805272	9822045	27	1.5184
chr9	9822045	16063825	5175	1.87236
chr9	16063825	16069131	10	1.41963
chr9	16069131	25309191	7478	1.90179
chr9	25309191	25748453	309	1.32031
chr9	25748453	25750586	11	0.876844
chr9	25750586	27046392	895	1.31508
chr9	27046392	43251818	8424	1.90273
chr9	43251818	44678541	95	1.58517
chr9	44678541	68199231	211	1.94146
chr9	68199231	68350555	43	2.43967
chr9	68350555	84721194	10314	1.91455
chr9	84721194	96326472	8166	2.15806
chr9	96326472	96347559	10	1.65994
chr9	96347559	96794226	295	2.19018
chr9	96794226	125007914	21003	1.89936
chr9	125007914	125025996	11	1.46401
chr9	125025996	133530118	4817	1.89896
chr9	133530118	133571661	14	1.37986
chr9	133571661	141091395	4254	1.86343
chr10	72759	134660	17	1.44801
chr10	134660	244988	63	0.993352
chr10	244988	421553	101	1.33351
chr10	421553	563180	110	1.77118
chr10	563180	577429	10	0.431674
chr10	577429	1430056	536	1.73859
chr10	1430056	1450079	18	1.30921
chr10	1450079	13049133	10250	1.72693
chr10	13049133	13050299	13	1.23358
chr10	13050299	18198291	4007	1.74457
chr10	18198291	18242099	10	1.31068
chr10	18242099	23830174	3972	1.72526
chr10	23830174	23842120	11	1.33195
chr10	23842120	24377674	402	1.7724
chr10	24377674	24378481	10	2.9656
chr10	24378481	24850294	386	1.77492
chr10	24850294	24856483	10	1.33072
chr10	24856483	31248922	4738	1.7446
chr10	31248922	31251758	10	0.636498
chr10	31251758	37761906	4321	1.75184
chr10	37761906	42433783	615	2.62268
chr10	42433783	53530949	5842	2.27583
chr10	53530949	53579282	21	1.2731
chr10	53579282	64126434	7826	2.37654
chr10	64126434	103622263	26156	2.04971
chr10	103622263	103667184	17	2.64904
chr10	103667184	105559593	891	2.04616
chr10	105559593	105579604	10	2.68842
chr10	105579604	127582264	16179	2.03397
chr10	127582264	127626434	18	2.55594
chr10	127626434	135506705	5779	1.99049
chr11	198510	1635316	494	1.82036
chr11	1635316	3179172	757	1.33432
chr11	3179172	3197089	11	1.0039
chr11	3197089	4203796	538	1.38001
chr11	4203796	11232560	5523	1.8759
chr11	11232560	11379474	223	2.88318
chr11	11379474	12396264	964	2.41142
chr11	12396264	16872453	3040	1.88855
chr11	16872453	17467210	432	2.3691
chr11	17467210	18952711	1028	1.83595
chr11	18952711	18966534	38	2.21636
chr11	18966534	24230356	4299	1.83389
chr11	24230356	24247830	10	1.38316
chr11	24247830	37495847	9550	1.85631
chr11	37495847	40322369	1743	2.36268
chr11	40322369	40834455	352	1.2568
chr11	40834455	47640835	4410	2.33875
chr11	47640835	47658647	11	3.21539
chr11	47658647	50693708	1345	2.27805
chr11	50693708	51164217	11	3.38645
chr11	51164217	64056556	5436	2.40807
chr11	64056556	64090866	10	1.79485
chr11	64090866	68212804	1631	2.40457
chr11	68212804	68239770	10	3.19243
chr11	68239770	77335286	4970	2.4072
chr11	77335286	83088577	4267	3.47464
chr11	83088577	83869020	539	1.35889
chr11	83869020	83926666	37	0.306679
chr11	83926666	83944555	11	0.785758
chr11	83944555	83951722	10	0.19002
chr11	83951722	83975872	21	0.374602
chr11	83975872	84373813	245	2.40993
chr11	84373813	84409735	28	3.60235
chr11	84409735	84567473	96	2.44171
chr11	84567473	84639889	94	3.75418
chr11	84639889	84664572	16	2.27587
chr11	84664572	84724864	40	0.27554
chr11	84724864	84747599	18	0.365421
chr11	84747599	84827818	68	1.30725
chr11	84827818	86404200	1030	3.57193
chr11	86404200	87097343	476	4.15965
chr11	87097343	91280148	2690	3.42769
chr11	91280148	100183764	6534	4.06445
chr11	100183764	100207569	10	2.53547
chr11	100207569	101605013	1203	4.06744
chr11	101605013	102270514	376	11.9272
chr11	102270514	102369712	57	16.5648
chr11	102369712	102385321	10	23.7105
chr11	102385321	102496903	98	16.2441
chr11	102496903	102541776	42	13.2241
chr11	102541776	102564516	11	21.2063
chr11	102564516	102630074	53	14.4701
chr11	102630074	102650406	23	18.771
chr11	102650406	102897203	179	13.4645
chr11	102897203	105417003	1808	4.13738
chr11	105417003	105484242	51	12.2422
chr11	105484242	105584432	60	3.98946
chr11	105584432	106448529	541	1.90817
chr11	106448529	106505853	43	10.2767
chr11	106505853	106519169	10	7.40322
chr11	106519169	107239029	483	10.6934
chr11	107239029	107329938	51	8.21244
chr11	107329938	107331699	10	4.29425
chr11	107331699	107531539	156	7.7678
chr11	107531539	107562893	31	6.12362
chr11	107562893	107769679	138	1.88423
chr11	107769679	107789948	10	1.33251
chr11	107789948	110553762	1665	1.96408
chr11	110553762	110680850	103	12.9745
chr11	110680850	110914126	207	9.39013
chr11	110914126	111078110	137	3.41972
chr11	111078110	111875498	462	3.01272
chr11	111875498	112463363	366	2.45924
chr11	112463363	113070961	450	2.93591
chr11	113070961	113276799	179	2.40621
chr11	113276799	113554325	192	3.45984
chr11	113554325	113577540	15	2.6156
chr11	113577540	113782926	128	3.89176
chr11	113782926	113997662	164	2.93995
chr11	113997662	116275081	1742	2.42165
chr11	116275081	116288992	14	1.88089
chr11	116288992	118139879	1346	2.43091
chr11	118139879	118299261	75	3.06054
chr11	118299261	118337069	35	2.39327
chr11	118337069	118362212	85	3.05225
chr11	118362212	119199467	439	2.41357
chr11	119199467	121958971	2021	3.33978
chr11	121958971	122303771	244	4.19348
chr11	122303771	123312719	775	2.94876
chr11	123312719	123331238	15	2.17347
chr11	123331238	127193285	2923	3.47994
chr11	127193285	127392185	183	2.39198
chr11	127392185	127816908	272	2.97833
chr11	127816908	128497549	696	3.42501
chr11	128497549	129994972	984	2.94555
chr11	129994972	131788388	1463	3.91788
chr11	131788388	132435812	534	2.934
chr11	132435812	134207450	1305	3.32741
chr11	134207450	134508702	245	2.51182
chr11	134508702	134528726	14	1.8468
chr11	134528726	134944771	354	2.5102
chr12	150442	185875	10	2.25884
chr12	185875	869230	423	1.37888
chr12	869230	874691	16	0.390507
chr12	874691	2258063	885	1.38496
chr12	2258063	2276255	10	1.02712
chr12	2276255	3076924	557	1.36746
chr12	3076924	3095949	10	0.929982
chr12	3095949	8352156	3723	1.37639
chr12	8352156	8386039	12	0.887816
chr12	8386039	9258441	463	1.37695
chr12	9258441	9271485	10	1.04287
chr12	9271485	9632213	185	1.41336
chr12	9632213	9685445	12	1.94631
chr12	9685445	11503907	1217	1.35882
chr12	11503907	11514618	11	1.90406
chr12	11514618	24374135	8865	1.38294
chr12	24374135	24386443	10	1.02062
chr12	24386443	24855266	340	1.36717
chr12	24855266	24935261	58	1.9805
chr12	24935261	25003259	69	1.41436
chr12	25003259	25070880	58	1.97908
chr12	25070880	25179704	97	1.39902
chr12	25179704	25309685	140	1.84804
chr12	25309685	33300598	6008	1.38468
chr12	33300598	33307867	27	0.624754
chr12	33307867	33715377	265	1.3346
chr12	33715377	36356124	545	2.37144
chr12	36356124	38176833	94	1.58405
chr12	38176833	57318067	11375	1.38255
chr12	57318067	57321164	10	1.9076
chr12	57321164	58748291	791	1.40358
chr12	58748291	64375800	3627	1.89381
chr12	64375800	68296943	2582	2.51307
chr12	68296943	70860903	1833	1.93847
chr12	70860903	70879703	19	2.53231
chr12	70879703	73520924	1739	1.88913
chr12	73520924	73620629	56	2.33373
chr12	73620629	74257571	352	3.01073
chr12	74257571	75983668	1052	1.88216
chr12	75983668	76005483	11	2.70241
chr12	76005483	79303305	2316	1.93245
chr12	79303305	84540587	3266	2.47845
chr12	84540587	85118171	390	1.91141
chr12	85118171	87525655	1293	2.45666
chr12	87525655	87556119	10	1.75963
chr12	87556119	94755357	4666	2.50775
chr12	94755357	95569005	607	1.91174
chr12	95569005	95904786	256	2.49117
chr12	95904786	96044741	99	1.99222
chr12	96044741	96129070	51	2.60273
chr12	96129070	96835691	474	1.93447
chr12	96835691	97089869	170	3.04948
chr12	97089869	108430490	7906	1.92034
chr12	108430490	108447902	11	1.43683
chr12	108447902	127819873	12730	1.90995
chr12	127819873	127839394	15	1.44335
chr12	127839394	133778190	4384	1.83775
chr13	19026949	36602228	12785	2.42405
chr13	36602228	36691654	62	1.40861
chr13	36691654	36776962	63	2.48254
chr13	36776962	38071585	911	1.36231
chr13	38071585	38086543	16	0.456777
chr13	38086543	48327901	7248	1.35596
chr13	48327901	48331666	11	1.98276
chr13	48331666	51238208	1783	1.36101
chr13	51238208	51247226	10	1.90535
chr13	51247226	55679155	2612	1.33272
chr13	55679155	55691687	10	1.74411
chr13	55691687	65969542	5955	1.31007
chr13	65969542	65984398	10	0.851995
chr13	65984398	69250130	2100	1.30652
chr13	69250130	69259243	12	2.0579
chr13	69259243	69637810	316	1.29422
chr13	69637810	77702904	5703	2.46712
chr13	77702904	77725572	10	3.29017
chr13	77725572	80543386	1833	2.45418
chr13	80543386	80568058	10	1.84835
chr13	80568058	98178544	11224	2.41737
chr13	98178544	98181961	10	1.74729
chr13	98181961	100805491	1822	2.44482
chr13	100805491	100844252	27	1.28652
chr13	100844252	100994285	70	2.92482
chr13	100994285	108500065	6249	2.44812
chr13	108500065	108583809	54	1.3152
chr13	108583809	108632688	32	3.04929
chr13	108632688	111382161	2304	3.86248
chr13	111382161	112185950	607	4.8953
chr13	112185950	113028834	504	6.7625
chr13	113028834	113078285	27	8.56565
chr13	113078285	113109526	20	6.49322
chr13	113109526	113651799	331	8.68384
chr13	113651799	113690432	18	5.77921
chr13	113690432	115108398	571	8.50744
chr14	19002124	19170728	17	2.83875
chr14	19170728	19438299	15	3.95526
chr14	19438299	19802148	29	2.39478
chr14	19802148	21227547	775	3.3261
chr14	21227547	21231398	10	2.29956
chr14	21231398	21535219	192	3.26159
chr14	21535219	22308299	449	2.4157
chr14	22308299	22379567	72	4.17767
chr14	22379567	22562268	169	2.81378
chr14	22562268	22959311	352	3.62801
chr14	22959311	22978546	50	3.01995
chr14	22978546	23666279	394	2.37587
chr14	23666279	23904170	109	1.89747
chr14	23904170	23916123	10	1.39522
chr14	23916123	25464227	1063	1.89271
chr14	25464227	26236215	544	2.40976
chr14	26236215	29138639	1803	1.83034
chr14	29138639	29314353	94	0.758782
chr14	29314353	29713629	205	1.25856
chr14	29713629	31135252	814	2.35145
chr14	31135252	31369817	150	3.044
chr14	31369817	33722869	1526	1.98366
chr14	33722869	35875235	1539	1.49435
chr14	35875235	36007377	72	2.53123
chr14	36007377	37609442	1161	1.48096
chr14	37609442	40580182	1672	1.12258
chr14	40580182	41008206	308	3.32117
chr14	41008206	41609427	444	3.82091
chr14	41609427	41663725	15	2.74844
chr14	41663725	41799456	109	4.03739
chr14	41799456	41928861	92	3.20982
chr14	41928861	45764664	2215	4.36836
chr14	45764664	45786127	11	3.27331
chr14	45786127	46217231	246	2.20354
chr14	46217231	46245987	12	1.59639
chr14	46245987	47547966	801	2.18538
chr14	47547966	50619231	1824	4.37518
chr14	50619231	54865154	2945	3.62792
chr14	54865154	55757259	543	3.2966
chr14	55757259	63388827	5153	2.18909
chr14	63388827	63400143	10	1.49439
chr14	63400143	66995292	2294	2.17565
chr14	66995292	67041069	15	1.66936
chr14	67041069	70452748	2076	2.20176
chr14	70452748	70465234	10	1.47042
chr14	70465234	77251309	4397	2.17352
chr14	77251309	77269760	12	1.47433
chr14	77269760	78281674	677	2.17631
chr14	78281674	79380400	889	2.68954
chr14	79380400	79398118	14	0.328259
chr14	79398118	79414009	15	0.208652
chr14	79414009	79434902	14	0.341086
chr14	79434902	79457276	16	0.215214
chr14	79457276	79479700	20	0.309493
chr14	79479700	79498881	10	0.58692
chr14	79498881	79534414	34	0.318751
chr14	79534414	79855462	202	2.73488
chr14	79855462	79874829	12	2.0331
chr14	79874829	80407790	416	2.80561
chr14	80407790	80598729	130	2.23677
chr14	80598729	80688066	51	2.7541
chr14	80688066	82951294	1413	2.23144
chr14	82951294	83354455	326	2.79811
chr14	83354455	84271054	615	1.61116
chr14	84271054	84301582	27	2.01469
chr14	84301582	85106264	510	1.58492
chr14	85106264	85255206	105	2.20138
chr14	85255206	86465627	875	1.57198
chr14	86465627	86617446	97	2.51199
chr14	86617446	86661719	27	1.72558
chr14	86661719	87014019	282	2.60431
chr14	87014019	87111459	43	1.58821
chr14	87111459	87626653	324	2.13543
chr14	87626653	89434545	1151	1.60839
chr14	89434545	89875129	343	2.15987
chr14	89875129	90713969	543	1.63995
chr14	90713969	90730968	12	1.23552
chr14	90730968	92518165	1036	1.64368
chr14	92518165	92972626	363	2.04665
chr14	92972626	93073314	87	2.44068
chr14	93073314	93395166	220	2.07672
chr14	93395166	93619710	131	2.92686
chr14	93619710	95325282	1240	3.39262
chr14	95325282	95344201	24	4.30829
chr14	95344201	95511223	152	3.3726
chr14	95511223	96054000	410	2.54141
chr14	96054000	96743686	601	3.02943
chr14	96743686	99308117	2032	3.50832
chr14	99308117	100977085	1143	3.93254
chr14	100977085	102603842	927	3.52523
chr14	102603842	102744721	56	4.42959
chr14	102744721	104180708	705	3.59995
chr14	104180708	105212080	381	2.97742
chr14	105212080	106530525	392	3.46073
chr14	106530525	106576076	20	2.32648
chr14	106576076	106877096	139	3.88079
chr14	106877096	106920590	52	2.04949
chr14	106920590	107285438	226	3.52575
chr15	20016328	20076379	11	1.77181
chr15	20076379	25420799	1993	2.35638
chr15	25420799	25434990	10	1.68268
chr15	25434990	54876507	18695	2.4308
chr15	54876507	54890481	10	1.85829
chr15	54890481	60170210	3625	2.45283
chr15	60170210	60183897	10	1.84504
chr15	60183897	61184686	753	2.43773
chr15	61184686	61519549	371	1.3027
chr15	61519549	74329562	8264	2.42512
chr15	74329562	74398154	25	1.90136
chr15	74398154	75006146	287	2.4104
chr15	75006146	75030859	11	1.78472
chr15	75030859	76304975	461	2.37662
chr15	76304975	76337713	10	3.25266
chr15	76337713	90397602	8931	2.40725
chr15	90397602	90463091	37	2.8622
chr15	90463091	95711461	4268	2.39018
chr15	95711461	95731168	11	1.87679
chr15	95731168	102469041	5032	2.40387
chr16	60777	417579	183	2.38577
chr16	417579	460925	10	1.70379
chr16	460925	2053606	557	2.34237
chr16	2053606	7851867	4775	1.34505
chr16	7851867	8692220	790	2.33394
chr16	8692220	9896605	1087	1.32519
chr16	9896605	9912077	11	0.954537
chr16	9912077	32011045	12972	1.36256
chr16	32011045	34104759	336	1.6152
chr16	34104759	46469840	464	2.43144
chr16	46469840	55795801	6574	1.35717
chr16	55795801	55826000	22	2.44924
chr16	55826000	62436490	4185	1.33435
chr16	62436490	62492073	34	2.43962
chr16	62492073	70848239	4939	1.37369
chr16	70848239	71113423	184	2.94472
chr16	71113423	71202643	44	3.70992
chr16	71202643	73106987	1057	1.36004
chr16	73106987	73172275	43	0.284754
chr16	73172275	73195951	10	0.530379
chr16	73195951	73415828	169	0.329287
chr16	73415828	76438146	2151	1.37392
chr16	76438146	76446597	13	2.54396
chr16	76446597	78372024	1868	1.34061
chr16	78372024	78384883	17	2.4428
chr16	78384883	86520682	8688	1.32965
chr16	86520682	86536810	38	0.402667
chr16	86536810	86587851	45	0.312764
chr16	86587851	87723852	955	1.33203
chr16	87723852	88638822	422	2.28753
chr16	88638822	88685551	35	3.39771
chr16	88685551	90287536	649	2.35122
chr17	526	791222	406	2.39227
chr17	791222	1127030	152	2.86599
chr17	1127030	1514348	167	1.9382
chr17	1514348	1630076	50	3.59016
chr17	1630076	2179458	282	1.99246
chr17	2179458	2241006	33	3.01261
chr17	2241006	4361406	1310	1.95392
chr17	4361406	4401604	31	3.63124
chr17	4401604	4427701	12	1.97837
chr17	4427701	4463262	12	3.40985
chr17	4463262	4857197	166	2.0205
chr17	4857197	6189180	923	1.38812
chr17	6189180	6198035	10	0.976865
chr17	6198035	7544731	754	1.40266
chr17	7544731	7567866	11	0.377051
chr17	7567866	7592663	17	0.881463
chr17	7592663	7689462	39	0.351837
chr17	7689462	8831215	654	1.3546
chr17	8831215	8872901	32	0.411324
chr17	8872901	8895049	13	0.237851
chr17	8895049	9142718	158	1.3876
chr17	9142718	9177301	23	0.399511
chr17	9177301	9198861	18	0.25361
chr17	9198861	9219204	11	0.628532
chr17	9219204	9264402	36	0.342412
chr17	9264402	9267958	11	0.196486
chr17	9267958	9301878	22	0.349925
chr17	9301878	9319651	12	0.59273
chr17	9319651	9404164	68	0.307621
chr17	9404164	9431703	26	0.463446
chr17	9431703	9455530	14	0.212448
chr17	9455530	9476543	10	0.567299
chr17	9476543	9579358	57	0.335327
chr17	9579358	11235238	1301	1.35115
chr17	11235238	11239798	10	1.92237
chr17	11239798	12847295	1183	1.35019
chr17	12847295	13338555	406	3.5798
chr17	13338555	14094480	618	2.51109
chr17	14094480	14126024	19	1.45677
chr17	14126024	14160762	27	4.11459
chr17	14160762	15152340	890	1.35792
chr17	15152340	15168898	13	1.80771
chr17	15168898	15550534	210	3.49754
chr17	15550534	16141775	251	2.54271
chr17	16141775	16532344	199	3.41723
chr17	16532344	18236167	921	1.38595
chr17	18236167	18763393	177	1.63988
chr17	18763393	19610210	388	1.37376
chr17	19610210	20220875	334	3.52692
chr17	20220875	20432427	45	2.56051
chr17	20432427	21516234	487	3.36725
chr17	21516234	21538353	10	2.64018
chr17	21538353	33425489	5065	1.37522
chr17	33425489	33452545	18	2.60358
chr17	33452545	36616036	1744	1.38079
chr17	36616036	36646216	10	0.99684
chr17	36646216	36995960	172	1.39244
chr17	36995960	37876792	431	2.50171
chr17	37876792	37908085	22	1.92366
chr17	37908085	39410695	838	2.46906
chr17	39410695	39425668	18	1.74797
chr17	39425668	42140996	1556	2.46226
chr17	42140996	44448745	1142	1.39914
chr17	44448745	44564772	13	0.862053
chr17	44564772	45898426	587	1.39637
chr17	45898426	48523516	1430	2.49429
chr17	48523516	60322669	7476	3.53501
chr17	60322669	60363981	10	2.51092
chr17	60363981	62184489	857	3.5262
chr17	62184489	70883812	6007	2.50875
chr17	70883812	74678349	2196	3.43237
chr17	74678349	74699511	14	2.55512
chr17	74699511	74781929	43	3.73251
chr17	74781929	81049727	3299	2.43052
chr18	11543	9747269	7180	3.48781
chr18	9747269	9751339	10	2.61715
chr18	9751339	12162307	1835	3.57117
chr18	12162307	12253932	31	2.81936
chr18	12253932	14114524	1168	3.50632
chr18	14114524	16965880	395	3.12145
chr18	16965880	19354063	318	2.34883
chr18	19354063	19466655	53	2.98891
chr18	19466655	29096677	6183	2.32578
chr18	29096677	45530802	10955	1.76339
chr18	45530802	48776044	2366	2.30573
chr18	48776044	48786482	10	1.74586
chr18	48786482	49998182	884	2.30668
chr18	49998182	50597695	439	2.85711
chr18	50597695	63640473	9029	2.33226
chr18	63640473	63906749	214	1.73673
chr18	63906749	63911732	12	2.29258
chr18	63911732	66746443	2097	1.72243
chr18	66746443	66755511	34	1.36261
chr18	66755511	78015058	8300	1.77761
chr19	90910	984616	194	1.38029
chr19	984616	1006481	10	0.954387
chr19	1006481	2147842	292	1.39782
chr19	2147842	2886300	261	4.01223
chr19	2886300	2900013	10	5.4483
chr19	2900013	4124819	348	4.00965
chr19	4124819	5495568	512	1.4065
chr19	5495568	5514426	13	0.969161
chr19	5514426	6977104	727	1.39971
chr19	6977104	6990651	12	1.00485
chr19	6990651	15032866	3862	1.39461
chr19	15032866	15050293	11	0.958451
chr19	15050293	17305811	1408	1.39901
chr19	17305811	17353353	10	1.89885
chr19	17353353	24461528	3788	1.38024
chr19	24461528	24505349	15	2.66027
chr19	24505349	37496139	6510	1.8436
chr19	37496139	37559833	42	1.28675
chr19	37559833	59097855	11873	1.86475
chr20	61305	61682	10	1.67584
chr20	61682	1561289	1216	2.40558
chr20	1561289	1570795	13	1.65597
chr20	1570795	14156371	9673	2.47091
chr20	14156371	14288303	69	1.28587
chr20	14288303	21615312	6118	2.42587
chr20	21615312	21651545	12	1.80151
chr20	21651545	30783545	3739	2.38115
chr20	30783545	32158370	780	1.37285
chr20	32158370	32239236	32	1.8341
chr20	32239236	33096339	365	1.38977
chr20	33096339	35033130	881	0.876706
chr20	35033130	35093516	32	1.09409
chr20	35093516	35630224	220	0.881717
chr20	35630224	35638505	10	1.64465
chr20	35638505	35649226	15	0.834548
chr20	35649226	35665149	22	1.20333
chr20	35665149	35696707	22	0.855257
chr20	35696707	35718895	82	1.12196
chr20	35718895	35722592	10	1.53702
chr20	35722592	35802667	34	0.845854
chr20	35802667	42701523	5001	1.36476
chr20	42701523	42740378	39	1.13179
chr20	42740378	44267122	992	1.37118
chr20	44267122	44294307	10	1.84525
chr20	44294307	44939864	387	1.37093
chr20	44939864	45204400	193	0.817126
chr20	45204400	45217424	10	0.587782
chr20	45217424	45492572	224	0.862235
chr20	45492572	49420614	2806	1.38017
chr20	49420614	50203373	591	0.858169
chr20	50203373	52644832	1849	1.35317
chr20	52644832	52652481	11	1.78665
chr20	52652481	58912135	5191	1.33771
chr20	58912135	58924990	12	0.91274
chr20	58924990	59317423	317	1.31957
chr20	59317423	59583368	276	2.2974
chr20	59583368	59587574	10	1.71577
chr20	59587574	61856322	1380	2.27853
chr20	61856322	62686235	271	3.2535
chr20	62686235	62727728	17	2.46889
chr20	62727728	62956154	125	3.40013
chr21	10736871	14369167	130	2.74366
chr21	14369167	14670955	87	2.16025
chr21	14670955	35792762	15370	2.45198
chr21	35792762	35805341	10	1.86961
chr21	35805341	42495898	5480	2.42549
chr21	42495898	42506083	10	1.63427
chr21	42506083	42710434	165	2.34841
chr21	42710434	42727829	14	1.83595
chr21	42727829	42837252	96	2.38332
chr21	42837252	42841448	19	1.85583
chr21	42841448	48096958	3384	2.37512
chr22	16052528	16368470	45	1.99949
chr22	16368470	16651598	47	2.67265
chr22	16651598	21504225	2812	1.88703
chr22	21504225	21714855	10	1.33606
chr22	21714855	22898191	870	3.2897
chr22	22898191	24740505	1122	2.33806
chr22	24740505	25072051	147	3.86154
chr22	25072051	25177820	104	4.86298
chr22	25177820	25219368	20	1.87209
chr22	25219368	25238457	28	4.80563
chr22	25238457	25735165	392	1.8836
chr22	25735165	25746816	16	1.37749
chr22	25746816	40002488	10427	1.87732
chr22	40002488	40090725	47	1.49927
chr22	40090725	46461139	4160	1.88092
chr22	46461139	46487715	12	1.40344
chr22	46487715	51234456	3666	1.82707
chrMT	408	16149	107	1.79458
chrX	168477	7120164	3896	0.781776
chrX	7120164	7144490	10	0.394451
chrX	7144490	7708982	384	0.747574
chrX	7708982	7722307	10	0.503355
chrX	7722307	8170205	364	0.75827
chrX	8170205	8189696	11	1.1832
chrX	8189696	15714154	5502	0.789542
chrX	15714154	15723785	10	1.21931
chrX	15723785	23247165	4486	0.792823
chrX	23247165	23265527	11	1.20991
chrX	23265527	25425314	1355	0.791517
chrX	25425314	25470586	12	1.16537
chrX	25470586	27451299	1297	0.762155
chrX	27451299	27469312	23	1.00967
chrX	27469312	28035056	357	0.746339
chrX	28035056	28050566	32	1.00223
chrX	28050566	30863638	1791	0.748727
chrX	30863638	30902761	17	0.566674
chrX	30902761	34753351	2841	0.766257
chrX	34753351	34772420	15	0.581885
chrX	34772420	35139053	209	0.780775
chrX	35139053	35150952	10	1.15236
chrX	35150952	38600204	2082	0.781555
chrX	38600204	38610430	11	1.14986
chrX	38610430	40172033	927	0.805361
chrX	40172033	40192142	13	1.11106
chrX	40192142	46175359	3248	0.805305
chrX	46175359	46209645	20	1.10045
chrX	46209645	47079213	432	0.792237
chrX	47079213	47103644	11	0.557387
chrX	47103644	47484913	192	0.843763
chrX	47484913	47487926	23	1.14628
chrX	47487926	48916544	640	0.829171
chrX	48916544	51082912	1069	1.80203
chrX	51082912	51849496	342	2.35497
chrX	51849496	51864856	10	1.35097
chrX	51864856	54057322	650	2.33997
chrX	54057322	57106320	1501	1.74605
chrX	57106320	57810586	333	2.92326
chrX	57810586	62727142	500	2.33497
chrX	62727142	62880734	57	1.66871
chrX	62880734	76482322	6252	2.74405
chrX	76482322	76782464	43	1.49365
chrX	76782464	80292146	1764	3.14433
chrX	80292146	81061426	393	2.59596
chrX	81061426	81293405	110	3.11452
chrX	81293405	84546513	1750	2.62754
chrX	84546513	104552432	11090	1.74858
chrX	104552432	104580597	18	0.595255
chrX	104580597	104591451	10	0.867944
chrX	104591451	117778411	7423	1.74134
chrX	117778411	117796269	10	1.18964
chrX	117796269	130903134	7701	1.73408
chrX	130903134	132979704	1103	2.28415
chrX	132979704	134232061	621	1.77536
chrX	134232061	137985114	2195	2.22397
chrX	137985114	141767789	2545	1.70487
chrX	141767789	142770231	717	1.25865
chrX	142770231	147639308	3416	1.71868
chrX	147639308	148004048	273	2.2348
chrX	148004048	151508453	2209	1.73324
chrX	151508453	154480461	1399	2.40934
chrX	154480461	155233847	221	1.31523
chrY	2650438	59018260	8870	1.97306
