Chromosome	Start	End	Num.Probes	Segment.Mean
chr1	61735	469361	31	1.75519
chr1	469361	2170393	393	2.55024
chr1	2170393	2194373	10	1.58523
chr1	2194373	10374435	4863	2.46198
chr1	10374435	10382255	12	1.53016
chr1	10382255	11093215	375	2.4917
chr1	11093215	11129096	10	1.59053
chr1	11129096	16144996	2855	2.43837
chr1	16144996	16153891	17	1.52253
chr1	16153891	17765357	866	2.41839
chr1	17765357	17823357	25	1.79578
chr1	17823357	20348031	1821	2.49219
chr1	20348031	20384919	18	1.7314
chr1	20384919	45825476	14313	2.41542
chr1	45825476	45844327	10	1.55885
chr1	45844327	49914527	2407	2.41516
chr1	49914527	50018122	34	1.7257
chr1	50018122	64602798	9899	2.3504
chr1	64602798	64612898	10	1.5561
chr1	64612898	65396719	722	2.30609
chr1	65396719	65412097	12	1.59973
chr1	65412097	70625620	3578	2.25564
chr1	70625620	70791306	70	1.38302
chr1	70791306	72765894	1239	2.19937
chr1	72765894	72811007	45	1.21114
chr1	72811007	77782574	3268	2.24033
chr1	77782574	77786501	10	1.59922
chr1	77786501	78712804	485	2.27851
chr1	78712804	78734500	10	1.25014
chr1	78734500	84319224	3786	2.2071
chr1	84319224	84327921	10	1.4721
chr1	84327921	84991157	439	2.28217
chr1	84991157	85017689	12	1.43469
chr1	85017689	89475242	3094	2.28657
chr1	89475242	89489501	10	1.56429
chr1	89489501	97121423	4914	2.29678
chr1	97121423	97247927	57	1.32534
chr1	97247927	144553513	15253	2.27711
chr1	144553513	144849548	10	1.44639
chr1	144849548	147828523	1110	2.38715
chr1	147828523	148606453	20	1.71163
chr1	148606453	152555616	1727	2.33577
chr1	152555616	152586409	32	1.10396
chr1	152586409	152760800	182	2.37802
chr1	152760800	152771302	37	1.85021
chr1	152771302	158486569	3292	2.40038
chr1	158486569	158517333	60	1.83096
chr1	158517333	163509094	3644	2.34269
chr1	163509094	163524808	10	1.54212
chr1	163524808	171955150	6406	2.33431
chr1	171955150	171976441	10	1.27248
chr1	171976441	186632222	9666	2.34672
chr1	186632222	192254225	3704	2.13403
chr1	192254225	192278362	10	1.45491
chr1	192278362	200980224	5856	2.2104
chr1	200980224	202565000	1079	2.50701
chr1	202565000	202568867	10	1.62679
chr1	202568867	204452255	1302	2.47865
chr1	204452255	204489229	18	1.81058
chr1	204489229	205069974	521	2.43994
chr1	205069974	205091690	10	1.73786
chr1	205091690	205719703	388	2.46212
chr1	205719703	205759311	22	1.42052
chr1	205759311	228498825	15343	2.34967
chr1	228498825	228534651	12	3.33672
chr1	228534651	240367648	9013	2.35505
chr1	240367648	240374165	10	1.37612
chr1	240374165	241742428	1107	2.2726
chr1	241742428	241756691	12	1.57508
chr1	241756691	243748264	1409	2.26604
chr1	243748264	243845783	79	1.37442
chr1	243845783	243862084	10	0.76186
chr1	243862084	249224389	3431	1.43762
chr2	12784	4209775	3035	1.47411
chr2	4209775	4222935	35	0.70364
chr2	4222935	8127439	3321	1.40176
chr2	8127439	8138271	10	0.745393
chr2	8138271	10430718	1617	1.50113
chr2	10430718	10446908	10	0.696246
chr2	10446908	10590865	105	1.67876
chr2	10590865	18193029	5643	1.42695
chr2	18193029	18209016	15	1.04633
chr2	18209016	34695192	10618	1.45533
chr2	34695192	34737110	46	0.648434
chr2	34737110	39510102	3546	1.40473
chr2	39510102	39532298	10	0.925649
chr2	39532298	39629309	55	1.33284
chr2	39629309	39658298	10	0.889933
chr2	39658298	48621538	6633	1.45413
chr2	48621538	48664273	23	2.70485
chr2	48664273	49521870	627	1.42156
chr2	49521870	49545429	10	0.759393
chr2	49545429	50253218	476	1.3786
chr2	50253218	50279515	24	1.93842
chr2	50279515	52754474	1811	1.31766
chr2	52754474	52784745	39	0.615843
chr2	52784745	57316420	3329	1.38826
chr2	57316420	57339215	10	0.893215
chr2	57339215	58939237	1006	1.33467
chr2	58939237	58958468	10	0.773089
chr2	58958468	64795673	3435	1.42093
chr2	64795673	73252372	5655	2.2422
chr2	73252372	73281541	10	3.15362
chr2	73281541	76117445	1778	2.25185
chr2	76117445	76146173	10	1.49892
chr2	76146173	88712243	7501	2.13182
chr2	88712243	88758686	20	3.32603
chr2	88758686	117608746	13127	2.2003
chr2	117608746	117630037	13	1.3753
chr2	117630037	130806359	8646	2.19163
chr2	130806359	130884436	15	1.55516
chr2	130884436	131143906	94	2.24537
chr2	131143906	131496881	24	1.69234
chr2	131496881	134801472	1984	2.18213
chr2	134801472	134827995	10	1.3516
chr2	134827995	140115389	3394	2.12311
chr2	140115389	140126750	10	1.17261
chr2	140126750	141270286	703	2.05704
chr2	141270286	141285232	10	1.13272
chr2	141285232	141960495	447	1.99543
chr2	141960495	141976021	10	1.33594
chr2	141976021	146861395	3023	2.07354
chr2	146861395	146865138	11	1.36172
chr2	146865138	152321871	3209	2.11994
chr2	152321871	152324173	11	1.46006
chr2	152324173	157422228	3166	2.06442
chr2	157422228	157434982	11	1.36298
chr2	157434982	160131148	1637	2.1622
chr2	160131148	160153176	12	1.5196
chr2	160153176	178943944	11846	2.13598
chr2	178943944	178968333	12	1.53595
chr2	178968333	179164956	125	2.19559
chr2	179164956	179183804	10	1.08457
chr2	179183804	214945470	21611	2.08888
chr2	214945470	214980103	15	1.36401
chr2	214980103	237025114	14547	2.21377
chr2	237025114	237037293	10	3.52141
chr2	237037293	243089457	3651	2.32394
chr3	60345	35565801	26319	1.41998
chr3	35565801	35583225	13	1.01332
chr3	35583225	36919231	1053	1.38502
chr3	36919231	36949382	19	1.05224
chr3	36949382	37230144	142	1.43378
chr3	37230144	37254034	10	0.765494
chr3	37254034	41257745	2679	1.47519
chr3	41257745	41262285	10	1.05443
chr3	41262285	51981950	5534	1.50012
chr3	51981950	52012482	10	2.16915
chr3	52012482	62309377	7646	1.45489
chr3	62309377	62331544	10	0.81421
chr3	62331544	65189277	2503	1.44114
chr3	65189277	65213400	53	1.90539
chr3	65213400	77969797	8878	1.41714
chr3	77969797	78000748	12	0.952397
chr3	78000748	92011170	6824	1.31222
chr3	92011170	116648458	13875	2.1836
chr3	116648458	117911349	920	2.98369
chr3	117911349	117931258	10	1.62934
chr3	117931258	125416080	4535	3.14117
chr3	125416080	125655942	85	2.62039
chr3	125655942	127422064	1188	3.27873
chr3	127422064	127427419	10	2.32152
chr3	127427419	129746891	1231	3.26624
chr3	129746891	129810012	71	2.02867
chr3	129810012	131986805	1444	3.10354
chr3	131986805	131992755	10	2.151
chr3	131992755	135984613	2616	3.16583
chr3	135984613	136039716	13	2.17774
chr3	136039716	137027633	450	3.17391
chr3	137027633	137030848	10	1.73319
chr3	137030848	149626479	7930	3.0723
chr3	149626479	149650941	10	1.50335
chr3	149650941	162508230	8006	3.0589
chr3	162508230	162520036	10	1.78742
chr3	162520036	162626283	62	1.15475
chr3	162626283	165271303	1496	2.87228
chr3	165271303	165281627	10	2.02351
chr3	165281627	174944376	6067	3.0392
chr3	174944376	174945304	12	1.77394
chr3	174945304	176704585	1213	2.95366
chr3	176704585	176714799	25	2.16274
chr3	176714799	178928098	1357	3.09654
chr3	178928098	178949727	60	2.4579
chr3	178949727	185787111	3772	3.07136
chr3	185787111	185793436	11	2.16538
chr3	185793436	188415658	2132	3.14178
chr3	188415658	188429212	10	2.03276
chr3	188429212	190220170	1323	3.0252
chr3	190220170	190233756	12	4.42391
chr3	190233756	192599505	1669	3.02634
chr3	192599505	192607524	11	1.70606
chr3	192607524	192866852	181	3.10904
chr3	192866852	192876324	20	2.37154
chr3	192876324	192884669	20	1.25746
chr3	192884669	195678266	1631	3.18061
chr3	195678266	195734957	10	1.8165
chr3	195734957	197834645	1062	3.13309
chr3	197834645	197896119	32	2.27755
chr4	12281	154085	113	1.52253
chr4	154085	172121	10	1.04102
chr4	172121	10099893	5636	1.55843
chr4	10099893	10107002	10	0.868314
chr4	10107002	10228792	168	1.56024
chr4	10228792	10235174	29	2.31237
chr4	10235174	15508751	4262	1.42334
chr4	15508751	16488678	745	1.89601
chr4	16488678	17850303	1047	1.46578
chr4	17850303	17917751	34	1.808
chr4	17917751	17991574	32	1.21814
chr4	17991574	18061428	34	1.99884
chr4	18061428	19593955	999	1.38917
chr4	19593955	19630744	25	2.04522
chr4	19630744	19646593	10	0.977248
chr4	19646593	20363470	378	1.78007
chr4	20363470	20391774	14	1.28809
chr4	20391774	21045017	451	2.22241
chr4	21045017	22452223	1119	1.81599
chr4	22452223	22705002	176	2.30545
chr4	22705002	22867834	93	2.85646
chr4	22867834	24085554	849	2.28251
chr4	24085554	27086399	2035	1.93041
chr4	27086399	27693889	464	3.75771
chr4	27693889	28385138	457	2.59685
chr4	28385138	28624483	149	1.76622
chr4	28624483	33394154	3054	1.3026
chr4	33394154	33407423	10	1.97132
chr4	33407423	34811266	774	1.30453
chr4	34811266	34827298	14	1.99851
chr4	34827298	35485844	435	1.28326
chr4	35485844	35984329	326	2.08776
chr4	35984329	36711734	510	2.56352
chr4	36711734	37644236	701	1.84968
chr4	37644236	40033484	1551	2.73832
chr4	40033484	40409394	237	3.15358
chr4	40409394	40950567	352	2.70946
chr4	40950567	42272631	874	1.90446
chr4	42272631	45587320	2075	2.27912
chr4	45587320	47072054	745	1.76404
chr4	47072054	49091580	1260	2.30382
chr4	49091580	60456934	5245	1.87662
chr4	60456934	60637784	134	1.60754
chr4	60637784	60650934	10	1.10663
chr4	60650934	61803259	698	1.75064
chr4	61803259	65027837	1802	2.18081
chr4	65027837	68851827	2531	1.76403
chr4	68851827	69093486	134	2.18478
chr4	69093486	69586866	186	1.73924
chr4	69586866	70619754	665	2.1337
chr4	70619754	73399278	1606	1.81752
chr4	73399278	73420525	10	1.31183
chr4	73420525	85779149	7865	1.87979
chr4	85779149	85802551	11	1.27504
chr4	85802551	99048708	8041	1.81645
chr4	99048708	99059664	10	1.21521
chr4	99059664	108066835	5359	1.83079
chr4	108066835	108073646	14	1.31945
chr4	108073646	116282926	5202	1.85078
chr4	116282926	116303500	10	1.16105
chr4	116303500	140494718	14391	1.78938
chr4	140494718	141317476	589	2.01435
chr4	141317476	141344645	10	0.995375
chr4	141344645	142884208	980	1.88059
chr4	142884208	142907522	13	1.24147
chr4	142907522	147443245	2679	1.86454
chr4	147443245	147472731	10	1.10167
chr4	147472731	151872625	2551	1.85449
chr4	151872625	151880736	16	1.38993
chr4	151880736	161880250	6426	1.85907
chr4	161880250	161887831	31	1.3948
chr4	161887831	172377108	6766	1.80525
chr4	172377108	172379152	10	1.23606
chr4	172379152	179078484	4157	1.80574
chr4	179078484	179096349	10	1.18466
chr4	179096349	189534046	7640	1.86432
chr4	189534046	191027924	900	1.4271
chr5	15532	36067	10	1.75298
chr5	36067	1286336	586	2.57643
chr5	1286336	1299677	10	1.66963
chr5	1299677	12796304	9746	2.33757
chr5	12796304	12843867	15	1.4723
chr5	12843867	17998046	3483	2.35072
chr5	17998046	24997747	4218	2.13149
chr5	24997747	25038694	18	2.80309
chr5	25038694	30748595	3403	2.11487
chr5	30748595	45395444	9391	2.33636
chr5	45395444	45609443	72	2.88502
chr5	45609443	49437394	232	2.13376
chr5	49437394	52876797	2060	1.34729
chr5	52876797	52899430	10	0.953216
chr5	52899430	59361934	4647	1.43181
chr5	59361934	59393380	10	0.855108
chr5	59393380	59825389	229	1.4151
chr5	59825389	59846266	10	0.826813
chr5	59846266	96545075	21075	1.39932
chr5	96545075	96566342	10	0.825928
chr5	96566342	103221007	3862	1.34641
chr5	103221007	103240080	10	0.890922
chr5	103240080	125845838	15564	1.37399
chr5	125845838	125860318	10	0.897354
chr5	125860318	128857807	1775	1.39173
chr5	128857807	128876065	12	0.969182
chr5	128876065	129957808	597	1.35273
chr5	129957808	129995778	14	0.979732
chr5	129995778	136378424	3966	1.49951
chr5	136378424	136396504	10	1.07586
chr5	136396504	139766841	1728	1.5084
chr5	139766841	139811367	13	1.02589
chr5	139811367	141243119	706	1.43741
chr5	141243119	141275777	10	2.16362
chr5	141275777	156315216	10395	1.45416
chr5	156315216	161849549	3748	2.26139
chr5	161849549	161867207	10	1.33232
chr5	161867207	169848177	5856	2.22416
chr5	169848177	169857108	11	1.36714
chr5	169857108	173306968	2447	2.34318
chr5	173306968	173327521	10	1.61296
chr5	173327521	177123452	2315	2.28809
chr5	177123452	177305200	20	1.58534
chr5	177305200	179096280	1093	2.34057
chr5	179096280	179104566	10	1.35213
chr5	179104566	180376616	737	2.33301
chr5	180376616	180446311	27	1.79435
chr5	180446311	180790321	165	2.41986
chr6	149661	13672450	11002	2.40193
chr6	13672450	13706203	10	1.7062
chr6	13706203	18226001	3276	2.42522
chr6	18226001	18236098	10	1.37572
chr6	18236098	19041150	706	2.34169
chr6	19041150	19050855	10	1.57966
chr6	19050855	26896931	5608	2.33865
chr6	26896931	26951085	23	1.64539
chr6	26951085	31388153	2209	2.35571
chr6	31388153	31412980	19	1.81074
chr6	31412980	32509379	453	2.42904
chr6	32509379	32565670	12	1.63925
chr6	32565670	33409782	459	2.37877
chr6	33409782	33412835	10	1.39499
chr6	33412835	34114826	519	2.60498
chr6	34114826	34162952	21	1.83504
chr6	34162952	35281342	575	2.46613
chr6	35281342	35322093	10	1.76737
chr6	35322093	39523670	2843	2.47619
chr6	39523670	39548280	10	1.11617
chr6	39548280	43038393	2374	2.5122
chr6	43038393	43072674	14	1.72578
chr6	43072674	44770661	1023	2.55869
chr6	44770661	54071222	6213	2.2917
chr6	54071222	54088732	10	1.31479
chr6	54088732	64435561	3828	2.21134
chr6	64435561	64467514	14	3.19445
chr6	64467514	67714584	2200	2.13775
chr6	67714584	67731496	10	1.34413
chr6	67731496	70262434	1668	2.11817
chr6	70262434	70282224	10	1.27221
chr6	70282224	103184659	21093	2.2249
chr6	103184659	103221012	16	1.59118
chr6	103221012	134955441	20196	2.26005
chr6	134955441	134974299	11	1.62389
chr6	134974299	162738990	19013	2.29219
chr6	162738990	162768143	28	1.74572
chr6	162768143	171051006	5954	2.35392
chr7	43259	9016862	5360	2.39484
chr7	9016862	9020771	10	1.34936
chr7	9020771	9195303	148	2.18447
chr7	9195303	9212240	12	1.56455
chr7	9212240	20128454	8977	2.21804
chr7	20128454	20143440	10	1.44464
chr7	20143440	21104913	699	2.2375
chr7	21104913	21131865	20	1.65742
chr7	21131865	23714182	1958	2.33128
chr7	23714182	23729548	12	1.69164
chr7	23729548	44000177	14530	2.37215
chr7	44000177	44084759	12	1.69127
chr7	44084759	54380284	7314	2.31064
chr7	54380284	54396346	10	1.31617
chr7	54396346	57519163	1907	2.30943
chr7	57519163	62123666	305	1.98724
chr7	62123666	62162080	16	1.31306
chr7	62162080	65479345	1295	2.16937
chr7	65479345	65772575	113	1.44279
chr7	65772575	67094484	564	2.94831
chr7	67094484	67654176	392	2.36761
chr7	67654176	67817203	122	3.11235
chr7	67817203	69494218	1064	2.29133
chr7	69494218	70155870	428	3.21006
chr7	70155870	75825595	2283	2.31149
chr7	75825595	76073785	93	3.98561
chr7	76073785	76658212	278	3.21412
chr7	76658212	76762375	14	2.16299
chr7	76762375	77832493	699	3.91466
chr7	77832493	78662896	712	2.96555
chr7	78662896	81509267	1953	2.17881
chr7	81509267	81966209	304	1.31484
chr7	81966209	85902097	2560	1.75415
chr7	85902097	86859409	580	1.37595
chr7	86859409	86880978	10	0.708349
chr7	86880978	102326448	8812	1.435
chr7	102326448	102365812	33	2.29789
chr7	102365812	102475708	40	1.57423
chr7	102475708	102494266	12	0.961406
chr7	102494266	102878176	167	1.48901
chr7	102878176	102923679	11	0.96831
chr7	102923679	109441794	4389	1.4373
chr7	109441794	109454250	10	0.902173
chr7	109454250	119906009	6298	1.38251
chr7	119906009	119948195	11	0.866565
chr7	119948195	133781914	8565	1.43324
chr7	133781914	133788013	17	2.4024
chr7	133788013	138560138	3275	1.47384
chr7	138560138	138573185	10	0.97581
chr7	138573185	140147964	858	1.54628
chr7	140147964	140164033	10	0.994498
chr7	140164033	143218913	2115	1.49452
chr7	143218913	143416904	33	2.01105
chr7	143416904	143906757	340	1.4472
chr7	143906757	144075223	43	1.80316
chr7	144075223	147799147	2503	1.35623
chr7	147799147	150285452	1404	1.50704
chr7	150285452	150312405	11	0.848479
chr7	150312405	159127005	5905	1.52652
chr8	31254	12242335	11551	1.45448
chr8	12242335	12276544	29	1.97819
chr8	12276544	14438922	1950	1.3862
chr8	14438922	17242021	2511	0.937196
chr8	17242021	18959907	1675	1.41679
chr8	18959907	18973393	10	0.975615
chr8	18973393	20066592	961	1.45404
chr8	20066592	20995206	816	1.0525
chr8	20995206	21047738	56	1.59057
chr8	21047738	21078975	44	1.03764
chr8	21078975	22394189	839	1.51439
chr8	22394189	22684660	164	1.10219
chr8	22684660	22707091	15	1.70425
chr8	22707091	22757202	34	1.16993
chr8	22757202	23109008	188	1.81384
chr8	23109008	23444625	252	2.97312
chr8	23444625	23708984	219	2.43282
chr8	23708984	24203445	277	3.17767
chr8	24203445	24315569	75	2.46968
chr8	24315569	24502156	154	0.974815
chr8	24502156	24506259	18	1.37992
chr8	24506259	24975038	383	0.99276
chr8	24975038	24984291	22	1.41701
chr8	24984291	25232093	167	0.952038
chr8	25232093	25280372	42	1.47292
chr8	25280372	25523295	198	0.9824
chr8	25523295	25942915	369	1.91961
chr8	25942915	26311955	232	1.48505
chr8	26311955	27474847	943	1.0268
chr8	27474847	28452615	756	1.48201
chr8	28452615	29030111	298	1.84452
chr8	29030111	29625685	411	1.43801
chr8	29625685	30274120	417	1.01222
chr8	30274120	30905607	332	1.44168
chr8	30905607	30922942	13	0.986346
chr8	30922942	32293959	1020	1.36744
chr8	32293959	32307055	18	1.94842
chr8	32307055	32678517	303	1.3728
chr8	32678517	32688308	13	0.980981
chr8	32688308	33598588	522	1.39855
chr8	33598588	35352313	995	0.957448
chr8	35352313	36055903	362	2.68964
chr8	36055903	37697015	969	3.39121
chr8	37697015	39365927	812	2.33038
chr8	39365927	39388539	11	1.56507
chr8	39388539	40361951	781	2.23212
chr8	40361951	40848010	355	1.42723
chr8	40848010	41030686	106	1.91391
chr8	41030686	42346890	874	1.50584
chr8	42346890	43505559	447	1.76878
chr8	43505559	45335791	51	1.33233
chr8	45335791	50236345	1546	2.30015
chr8	50236345	50274399	17	1.25183
chr8	50274399	64020292	9160	2.24448
chr8	64020292	64032853	10	1.30136
chr8	64032853	68781239	2543	2.26307
chr8	68781239	68797013	10	1.51512
chr8	68797013	69392099	412	2.21886
chr8	69392099	69419133	10	1.42062
chr8	69419133	69773098	229	2.68867
chr8	69773098	70200885	286	2.16701
chr8	70200885	70209944	10	1.40391
chr8	70209944	71683099	884	2.3134
chr8	71683099	72213838	333	2.70369
chr8	72213838	72219995	10	1.93289
chr8	72219995	72953974	532	2.8089
chr8	72953974	78535528	3576	2.22923
chr8	78535528	82379690	2289	2.69338
chr8	82379690	82390480	10	1.75022
chr8	82390480	83215263	436	2.55276
chr8	83215263	83240417	10	3.55907
chr8	83240417	85266230	1194	2.56012
chr8	85266230	85270825	12	1.39403
chr8	85270825	93017527	4362	2.64842
chr8	93017527	93020879	10	1.80657
chr8	93020879	112292886	11884	2.71833
chr8	112292886	112297770	10	1.44934
chr8	112297770	123070242	6962	2.67848
chr8	123070242	123072567	18	1.95574
chr8	123072567	142004509	14382	2.79907
chr8	142004509	142006900	13	1.89138
chr8	142006900	144309773	1157	3.0037
chr8	144309773	144314829	10	1.76331
chr8	144314829	146298156	644	2.8393
chr9	46587	1496521	1549	2.5317
chr9	1496521	1505206	10	1.71162
chr9	1505206	2969642	1656	2.55982
chr9	2969642	2978329	10	1.73328
chr9	2978329	6071591	2801	2.50832
chr9	6071591	6087490	11	1.80395
chr9	6087490	9971685	3683	2.46985
chr9	9971685	9974078	14	1.84478
chr9	9974078	33811925	18786	2.47323
chr9	33811925	33814979	16	1.79591
chr9	33814979	37905265	2345	2.599
chr9	37905265	37925967	10	1.77589
chr9	37925967	38771623	713	2.5784
chr9	38771623	40800446	135	2.15794
chr9	40800446	41600498	11	1.448
chr9	41600498	44242625	133	2.16495
chr9	44242625	44273096	12	1.41612
chr9	44273096	44678541	10	2.30842
chr9	44678541	44860212	39	1.42093
chr9	44860212	69924801	360	1.92144
chr9	69924801	69942051	10	1.32233
chr9	69942051	76471643	4091	1.85273
chr9	76471643	76511100	13	1.34627
chr9	76511100	87727497	8283	1.84276
chr9	87727497	87739543	12	1.29448
chr9	87739543	90936216	2311	1.88839
chr9	90936216	90983928	18	1.43123
chr9	90983928	92516221	1029	1.94164
chr9	92516221	92681888	22	2.54527
chr9	92681888	96631723	2770	1.92432
chr9	96631723	96648018	10	1.31749
chr9	96648018	101724933	3389	1.92815
chr9	101724933	101729680	10	2.73742
chr9	101729680	116913895	11292	1.86061
chr9	116913895	116939286	22	2.49397
chr9	116939286	120836131	3269	1.91685
chr9	120836131	120848419	10	1.3616
chr9	120848419	125024094	3092	1.89421
chr9	125024094	125040619	11	1.33366
chr9	125040619	131385125	3804	1.95604
chr9	131385125	133754606	1267	1.5544
chr9	133754606	133761263	10	2.22358
chr9	133761263	134264008	278	1.56187
chr9	134264008	134277827	10	1.05834
chr9	134277827	141091395	3706	1.59362
chr10	72759	2849303	2298	2.23762
chr10	2849303	2863159	10	1.56415
chr10	2863159	6411286	3219	2.23521
chr10	6411286	6419620	12	1.48963
chr10	6419620	15915760	8068	2.21295
chr10	15915760	15930997	17	1.56026
chr10	15930997	24376468	5895	2.15523
chr10	24376468	24378481	11	0.838333
chr10	24378481	43588203	10616	2.20588
chr10	43588203	43589818	15	1.64083
chr10	43589818	53607742	5324	2.2675
chr10	53607742	53908211	292	1.71733
chr10	53908211	56678897	2166	2.06067
chr10	56678897	56702016	14	1.46997
chr10	56702016	57183412	303	2.02416
chr10	57183412	57202526	11	1.40708
chr10	57202526	71375083	9821	2.14012
chr10	71375083	72484296	917	2.41815
chr10	72484296	72506075	20	3.46876
chr10	72506075	74718064	1421	2.38189
chr10	74718064	74740529	10	1.50163
chr10	74740529	80593166	3814	2.30432
chr10	80593166	80611443	10	1.63459
chr10	80611443	81176009	455	2.46548
chr10	81176009	89629120	5681	2.16916
chr10	89629120	89650846	36	1.65919
chr10	89650846	96863756	4755	2.20277
chr10	96863756	96865300	11	1.50972
chr10	96865300	102140779	3480	2.26403
chr10	102140779	102203421	23	1.61959
chr10	102203421	103830578	809	2.34951
chr10	103830578	103861882	10	1.24552
chr10	103861882	119550363	10945	2.21352
chr10	119550363	119568361	10	1.49246
chr10	119568361	120479238	664	2.22603
chr10	120479238	120499791	12	1.6286
chr10	120499791	122771512	1692	2.28871
chr10	122771512	122777480	11	1.57569
chr10	122777480	123346153	657	2.34275
chr10	123346153	123355427	20	1.80347
chr10	123355427	135506705	8794	2.32288
chr11	198510	15131660	10389	1.92006
chr11	15131660	15157053	14	1.42176
chr11	15157053	17333571	1478	1.92611
chr11	17333571	17350977	10	1.20089
chr11	17350977	21605870	3608	1.91786
chr11	21605870	21617221	10	1.24865
chr11	21617221	41106234	13705	1.81203
chr11	41106234	41123060	10	1.0279
chr11	41123060	48579207	4667	1.90075
chr11	48579207	55374040	1280	1.69702
chr11	55374040	55457129	61	1.20714
chr11	55457129	56602803	774	1.72615
chr11	56602803	73009271	8457	1.9474
chr11	73009271	73078187	28	2.58186
chr11	73078187	106805823	23325	1.81633
chr11	106805823	106818274	10	1.09235
chr11	106818274	119064781	8435	1.92932
chr11	119064781	119089730	10	1.38209
chr11	119089730	124332891	3923	1.95682
chr11	124332891	124354554	11	1.2367
chr11	124354554	131857341	5740	1.93645
chr11	131857341	131870351	10	0.999128
chr11	131870351	134944771	2387	1.9429
chr12	150442	8557590	5704	1.96072
chr12	8557590	8578647	18	1.15872
chr12	8578647	9632213	582	1.85921
chr12	9632213	9737045	31	1.23798
chr12	9737045	9782072	34	1.90162
chr12	9782072	9801977	10	1.03131
chr12	9801977	11512035	1159	1.78063
chr12	11512035	11547799	30	1.39612
chr12	11547799	18382754	4809	1.84705
chr12	18382754	18388488	10	1.10869
chr12	18388488	29455915	7906	1.80359
chr12	29455915	29464446	10	0.997813
chr12	29464446	33294652	2884	1.85881
chr12	33294652	33307867	29	1.27371
chr12	33307867	52159681	9121	1.82459
chr12	52159681	53538794	1096	2.04374
chr12	53538794	53602681	19	1.39885
chr12	53602681	59012167	3077	1.88609
chr12	59012167	59033225	10	2.68772
chr12	59033225	80098945	13821	1.80988
chr12	80098945	80116810	10	1.20319
chr12	80116810	85459526	3354	1.75089
chr12	85459526	85479578	12	1.05421
chr12	85479578	97880279	8062	1.82899
chr12	97880279	97884265	11	1.30826
chr12	97884265	122080452	16284	1.91025
chr12	122080452	122146073	15	1.38228
chr12	122146073	133778190	8103	1.93635
chr13	19026949	21201894	1239	1.85528
chr13	21201894	21492572	164	1.43596
chr13	21492572	22175315	438	1.85126
chr13	22175315	22562312	296	2.24285
chr13	22562312	23396705	690	1.40611
chr13	23396705	23434964	10	0.955889
chr13	23434964	23998943	434	1.40211
chr13	23998943	24227818	169	4.01544
chr13	24227818	33697914	7294	1.45387
chr13	33697914	33712645	17	2.56616
chr13	33712645	35938029	1509	1.39614
chr13	35938029	36220308	192	1.99963
chr13	36220308	36437362	175	1.48758
chr13	36437362	37181912	557	2.12851
chr13	37181912	38075934	640	1.65345
chr13	38075934	38084744	12	0.811876
chr13	38084744	38354335	237	1.57408
chr13	38354335	38839783	339	1.32245
chr13	38839783	39260627	277	2.12631
chr13	39260627	39870595	498	3.00454
chr13	39870595	39871827	10	1.90469
chr13	39871827	40933702	826	3.10272
chr13	40933702	41032842	92	2.29084
chr13	41032842	41080479	34	3.27626
chr13	41080479	41202008	79	2.32521
chr13	41202008	41217658	10	1.31278
chr13	41217658	41783877	264	2.21983
chr13	41783877	43464497	1211	1.43134
chr13	43464497	44311886	688	1.86586
chr13	44311886	44360036	29	3.12972
chr13	44360036	45046726	492	1.92838
chr13	45046726	45071564	11	1.36162
chr13	45071564	45848844	408	1.92841
chr13	45848844	46708665	557	1.46798
chr13	46708665	47908569	906	0.986253
chr13	47908569	47936554	10	0.548998
chr13	47936554	48016533	66	0.979242
chr13	48016533	48294092	188	1.41158
chr13	48294092	48327901	17	0.925813
chr13	48327901	48331666	11	1.76165
chr13	48331666	50565341	1381	0.981852
chr13	50565341	51253671	417	1.45043
chr13	51253671	51339653	82	1.83904
chr13	51339653	52813539	852	1.45948
chr13	52813539	53026649	61	0.988159
chr13	53026649	53894102	488	1.47712
chr13	53894102	54043757	103	2.23912
chr13	54043757	54280986	145	3.15364
chr13	54280986	54376650	77	2.1554
chr13	54376650	54772424	293	1.36969
chr13	54772424	55203737	257	0.899504
chr13	55203737	55216999	14	1.58215
chr13	55216999	55679025	234	0.909096
chr13	55679025	55691687	11	1.26545
chr13	55691687	57485276	909	0.878308
chr13	57485276	57563361	34	1.79495
chr13	57563361	57749098	96	0.86882
chr13	57749098	57820974	63	1.24202
chr13	57820974	57860408	26	1.74521
chr13	57860408	59355765	848	0.885734
chr13	59355765	59374045	14	1.8413
chr13	59374045	60577372	785	0.944264
chr13	60577372	62520872	1199	1.33782
chr13	62520872	62556921	11	1.91487
chr13	62556921	64183118	913	1.28566
chr13	64183118	64198564	12	3.49179
chr13	64198564	65735590	924	1.27162
chr13	65735590	65764864	14	3.39329
chr13	65764864	66660950	562	1.27029
chr13	66660950	66678025	10	2.18836
chr13	66678025	71691253	3317	1.27655
chr13	71691253	73360899	1156	3.6025
chr13	73360899	73374802	10	2.17496
chr13	73374802	76611224	2383	3.09214
chr13	76611224	76653954	38	2.47448
chr13	76653954	78657247	1321	3.09206
chr13	78657247	79758200	816	2.61846
chr13	79758200	80498078	456	3.08019
chr13	80498078	80555791	27	1.96469
chr13	80555791	82177595	1069	2.95136
chr13	82177595	82468462	168	2.35001
chr13	82468462	84629549	1359	2.85015
chr13	84629549	84650729	15	2.13204
chr13	84650729	86109695	970	2.93915
chr13	86109695	104488112	12524	2.59161
chr13	104488112	115108398	7770	3.11591
chr14	19002124	20566270	301	1.8937
chr14	20566270	21848156	915	4.47299
chr14	21848156	21976850	53	5.48178
chr14	21976850	21997230	10	3.19194
chr14	21997230	22274748	182	5.30371
chr14	22274748	22286057	12	3.78988
chr14	22286057	22524730	229	5.7641
chr14	22524730	22813843	278	1.86176
chr14	22813843	24423813	1006	7.3661
chr14	24423813	24452066	15	4.83385
chr14	24452066	24494849	38	7.22603
chr14	24494849	24500446	10	2.93201
chr14	24500446	24567254	27	7.14096
chr14	24567254	25887316	891	3.36268
chr14	25887316	25906868	18	1.82465
chr14	25906868	29722137	2370	2.94084
chr14	29722137	29738633	11	2.01879
chr14	29738633	30221989	288	2.99719
chr14	30221989	30343886	70	1.7518
chr14	30343886	31052537	400	2.63965
chr14	31052537	31165716	56	1.9884
chr14	31165716	34861841	2695	2.66592
chr14	34861841	38175455	2000	1.837
chr14	38175455	39822543	992	2.81711
chr14	39822543	41101342	781	1.78122
chr14	41101342	41116308	14	2.73992
chr14	41116308	65956925	16054	1.83607
chr14	65956925	65996674	11	1.13676
chr14	65996674	72138488	3694	1.91086
chr14	72138488	72165472	10	1.33591
chr14	72165472	74616793	1703	1.92817
chr14	74616793	74627091	10	1.09232
chr14	74627091	87917541	9016	1.8583
chr14	87917541	87940295	10	1.15504
chr14	87940295	96774792	6131	1.96707
chr14	96774792	105901652	5433	2.46822
chr14	105901652	105956338	10	1.69866
chr14	105956338	106291482	85	2.54286
chr14	106291482	106314662	10	1.54674
chr14	106314662	106528665	71	2.31569
chr14	106528665	106571790	19	1.14268
chr14	106571790	107285438	419	2.28368
chr15	20016328	20578232	103	1.47748
chr15	20578232	20583776	10	2.17867
chr15	20583776	26616932	2824	1.43511
chr15	26616932	26725907	103	1.82457
chr15	26725907	29721184	1748	1.46047
chr15	29721184	32358681	1532	2.09793
chr15	32358681	33394806	570	1.83199
chr15	33394806	35282987	1524	1.4459
chr15	35282987	35310591	11	0.970116
chr15	35310591	35671031	228	1.39453
chr15	35671031	40006908	3211	1.87839
chr15	40006908	53770988	7968	1.43711
chr15	53770988	53782406	10	2.2678
chr15	53782406	65028308	8058	1.43484
chr15	65028308	74079721	5573	1.94366
chr15	74079721	74314017	221	2.47628
chr15	74314017	74314839	12	1.50707
chr15	74314839	74461182	92	2.39301
chr15	74461182	75631401	470	2.90125
chr15	75631401	76445734	344	1.90933
chr15	76445734	76489319	30	2.52507
chr15	76489319	76884801	221	1.92453
chr15	76884801	76902186	23	1.21288
chr15	76902186	79324307	1269	1.9511
chr15	79324307	79338827	11	1.41226
chr15	79338827	83509390	2638	1.9276
chr15	83509390	84602717	630	2.71412
chr15	84602717	85479444	372	2.37709
chr15	85479444	85713926	146	2.86017
chr15	85713926	85721520	12	2.00184
chr15	85721520	86307205	368	2.85765
chr15	86307205	94970373	6851	1.90856
chr15	94970373	94988143	10	1.26779
chr15	94988143	102469041	5622	1.87883
chr16	60777	267805	118	2.09042
chr16	267805	293738	10	1.4345
chr16	293738	3650472	1229	2.08816
chr16	3650472	3684426	10	1.4434
chr16	3684426	6340585	2173	2.0049
chr16	6340585	6489211	189	1.72101
chr16	6489211	6606467	147	1.13149
chr16	6606467	6730565	164	0.917194
chr16	6730565	6885081	221	1.10081
chr16	6885081	6941671	67	0.900889
chr16	6941671	7073873	145	1.23879
chr16	7073873	7459698	519	1.59318
chr16	7459698	19804433	8697	1.93026
chr16	19804433	19832806	14	2.92005
chr16	19832806	19945006	46	1.85147
chr16	19945006	19965853	28	1.29437
chr16	19965853	26925689	4436	1.90593
chr16	26925689	26943550	11	1.10478
chr16	26943550	32900077	2319	1.94921
chr16	32900077	33924471	156	1.68984
chr16	33924471	51576230	3600	1.46152
chr16	51576230	51627947	49	1.98384
chr16	51627947	53769606	1640	1.43328
chr16	53769606	54122076	298	2.00585
chr16	54122076	54251212	105	1.53564
chr16	54251212	55421311	1024	1.96839
chr16	55421311	58161132	1788	1.54329
chr16	58161132	62076062	2524	1.35352
chr16	62076062	62091981	10	2.09813
chr16	62091981	65847183	2668	1.38642
chr16	65847183	66182081	370	1.95679
chr16	66182081	67019316	469	2.46573
chr16	67019316	70848239	1695	1.52044
chr16	70848239	71202643	228	1.99892
chr16	71202643	71467917	172	1.51434
chr16	71467917	72740436	670	1.89851
chr16	72740436	74896562	1482	1.47522
chr16	74896562	74907556	10	0.876139
chr16	74907556	78372024	2977	1.42685
chr16	78372024	78384883	17	0.719277
chr16	78384883	79262882	1221	1.47386
chr16	79262882	79280605	14	2.16079
chr16	79280605	89937847	9458	1.52261
chr16	89937847	89961415	10	1.03313
chr16	89961415	90287536	129	1.64827
chr17	526	2772082	1414	1.5561
chr17	2772082	2788777	10	2.34176
chr17	2788777	3851553	674	1.52944
chr17	3851553	3916945	19	1.093
chr17	3916945	7676614	2252	1.52901
chr17	7676614	7702805	20	2.01976
chr17	7702805	15695209	5878	1.46371
chr17	15695209	15734691	10	0.872782
chr17	15734691	17420702	876	1.54355
chr17	17420702	17894224	239	2.7941
chr17	17894224	18027920	84	3.87049
chr17	18027920	18258552	124	1.64055
chr17	18258552	18283370	33	1.34195
chr17	18283370	18485476	54	1.91253
chr17	18485476	18851514	137	1.47103
chr17	18851514	19451278	215	1.85035
chr17	19451278	20810547	637	2.63897
chr17	20810547	21052155	127	3.10224
chr17	21052155	21521636	219	3.96558
chr17	21521636	39422361	8312	2.08873
chr17	39422361	39431627	24	1.17082
chr17	39431627	58256322	11134	2.06399
chr17	58256322	58293515	12	1.43838
chr17	58293515	62530078	2109	2.02923
chr17	62530078	62547944	10	3.07934
chr17	62547944	81049727	11354	2.12363
chr18	11543	4692360	3420	2.26957
chr18	4692360	13364836	6251	1.88511
chr18	13364836	13380572	10	2.74994
chr18	13380572	15274810	914	1.89013
chr18	15274810	15337995	14	1.33637
chr18	15337995	28560262	6165	1.91289
chr18	28560262	28580450	11	1.37497
chr18	28580450	34795687	4075	1.9039
chr18	34795687	35087420	195	2.26605
chr18	35087420	38157379	2014	1.92989
chr18	38157379	38192043	11	1.28615
chr18	38192043	42063470	2549	1.86189
chr18	42063470	45388237	2263	2.05414
chr18	45388237	45394585	11	1.43126
chr18	45394585	48565522	2385	2.0464
chr18	48565522	48568981	12	1.40372
chr18	48568981	52212515	2461	1.90984
chr18	52212515	52233606	13	1.37933
chr18	52233606	64186474	8510	1.93533
chr18	64186474	64204606	12	1.2167
chr18	64204606	66752151	1907	1.80789
chr18	66752151	66757963	14	1.25199
chr18	66757963	71357315	3443	1.81826
chr18	71357315	78015058	4853	2.01903
chr19	90910	1382917	314	1.57518
chr19	1382917	2350535	227	2.01495
chr19	2350535	2924619	245	3.60205
chr19	2924619	2993031	20	2.59405
chr19	2993031	4136548	310	3.56721
chr19	4136548	6745633	1106	2.82001
chr19	6745633	6766234	10	1.78221
chr19	6766234	6815229	38	2.83806
chr19	6815229	7296372	286	9.39788
chr19	7296372	8931269	678	3.23127
chr19	8931269	11058075	1079	3.95372
chr19	11058075	11380929	153	3.27106
chr19	11380929	12668020	701	2.47955
chr19	12668020	12706544	14	12.3774
chr19	12706544	13294184	208	7.60081
chr19	13294184	13339226	13	4.22499
chr19	13339226	13456021	67	7.83665
chr19	13456021	13561973	56	3.19903
chr19	13561973	14131539	270	5.28422
chr19	14131539	14898997	312	3.22629
chr19	14898997	15111815	180	5.29839
chr19	15111815	15293350	158	4.32503
chr19	15293350	15296469	10	2.43848
chr19	15296469	15701270	203	4.48739
chr19	15701270	16816350	749	3.17445
chr19	16816350	18020677	553	2.11768
chr19	18020677	18804611	310	1.56719
chr19	18804611	19119358	116	2.36284
chr19	19119358	27756906	3099	1.40822
chr19	27756906	28016214	28	3.65112
chr19	28016214	28236343	50	5.4129
chr19	28236343	28322567	55	7.59049
chr19	28322567	28349613	18	4.98867
chr19	28349613	28495803	126	7.59874
chr19	28495803	30363964	1525	2.42191
chr19	30363964	30858569	326	2.92436
chr19	30858569	30963529	73	2.24881
chr19	30963529	31495957	409	2.8514
chr19	31495957	31874448	282	3.71933
chr19	31874448	32143080	221	2.93121
chr19	32143080	33789203	1109	2.03003
chr19	33789203	33987693	129	2.93991
chr19	33987693	34005682	10	4.42039
chr19	34005682	34855727	600	3.02062
chr19	34855727	35400728	354	3.69317
chr19	35400728	35496230	55	2.34658
chr19	35496230	35910108	325	3.51978
chr19	35910108	36633068	343	4.20514
chr19	36633068	40737935	2134	1.48803
chr19	40737935	40752262	10	0.998119
chr19	40752262	41057588	170	1.57817
chr19	41057588	41078420	10	2.41776
chr19	41078420	46320123	2720	1.49324
chr19	46320123	46346663	11	2.28888
chr19	46346663	48401686	940	1.5074
chr19	48401686	48464294	11	0.860155
chr19	48464294	55623013	4198	1.48218
chr19	55623013	55642802	10	2.45374
chr19	55642802	59097855	2161	1.47959
chr20	61305	61742	11	1.47764
chr20	61742	1560674	1210	2.37104
chr20	1560674	1567732	11	1.64673
chr20	1567732	3803555	1623	2.38247
chr20	3803555	3826044	10	1.65419
chr20	3826044	8444002	3580	2.29373
chr20	8444002	8457850	10	1.46682
chr20	8457850	11180861	2283	2.33733
chr20	11180861	11198708	10	1.49004
chr20	11198708	20680513	7750	2.3252
chr20	20680513	21906469	772	1.45333
chr20	21906469	21980311	43	3.10219
chr20	21980311	22398047	321	2.29165
chr20	22398047	22416844	10	3.98324
chr20	22416844	24467701	1707	1.46468
chr20	24467701	24685505	159	3.46077
chr20	24685505	25693190	607	1.53535
chr20	25693190	25721095	10	0.689686
chr20	25721095	27862965	209	1.36173
chr20	27862965	31210043	702	2.28153
chr20	31210043	31237935	16	3.33371
chr20	31237935	35703989	2203	2.27578
chr20	35703989	35717294	34	1.75762
chr20	35717294	40354519	3089	2.25237
chr20	40354519	40357928	14	1.56358
chr20	40357928	49146577	6418	2.28818
chr20	49146577	49152011	18	1.70443
chr20	49152011	51634004	1812	2.25174
chr20	51634004	51646277	10	1.55359
chr20	51646277	61194934	7696	2.27778
chr20	61194934	61269323	13	3.30078
chr20	61269323	62956154	706	2.40619
chr21	10736871	14455084	147	1.88774
chr21	14455084	24433431	7017	2.49395
chr21	24433431	24437312	12	1.64437
chr21	24437312	29620034	4042	2.52639
chr21	29620034	29628042	10	1.69639
chr21	29628042	32066736	1778	2.61956
chr21	32066736	32081338	10	1.81646
chr21	32081338	39531307	5322	2.71687
chr21	39531307	40190745	690	2.30426
chr21	40190745	42849339	2387	2.69838
chr21	42849339	42855946	10	1.69322
chr21	42855946	44948746	1538	2.82669
chr21	44948746	44977249	12	1.80917
chr21	44977249	45671393	381	2.86954
chr21	45671393	45693359	12	2.03363
chr21	45693359	48096958	1397	2.8389
chr22	16052528	21287775	2717	1.99102
chr22	21287775	21290773	10	1.28728
chr22	21290773	22485865	647	1.9474
chr22	22485865	22502599	49	1.5537
chr22	22502599	39287285	12253	1.97882
chr22	39287285	39306000	10	1.33286
chr22	39306000	51234456	8239	2.02594
chrMT	408	9573	47	2.24898
chrMT	9573	14974	42	1.75245
chrMT	14974	16149	18	2.30886
chrX	168477	9183407	5407	2.11218
chrX	9183407	9200464	10	1.27086
chrX	9200464	44436267	22633	2.12268
chrX	44436267	44480249	11	1.33174
chrX	44480249	53081781	3848	2.13848
chrX	53081781	53100157	12	3.29642
chrX	53100157	64907412	3601	2.08204
chrX	64907412	65245043	152	3.45593
chrX	65245043	104523492	20410	2.04572
chrX	104523492	104536410	10	1.26119
chrX	104536410	105608278	524	2.02587
chrX	105608278	105634955	17	2.96694
chrX	105634955	119970505	8238	2.07829
chrX	119970505	120003991	10	3.10609
chrX	120003991	121334215	753	2.00083
chrX	121334215	121358381	10	3.03539
chrX	121358381	122261369	603	2.02503
chrX	122261369	122284507	14	3.17941
chrX	122284507	128573772	3737	2.02228
chrX	128573772	128590183	10	1.25228
chrX	128590183	134198342	2958	2.17312
chrX	134198342	134208330	10	1.36474
chrX	134208330	141180068	4271	2.09156
chrX	141180068	141192886	10	1.18499
chrX	141192886	141205107	29	1.99278
chrX	141205107	141220518	11	1.27159
chrX	141220518	150779323	6523	2.06119
chrX	150779323	150792901	10	3.20638
chrX	150792901	155233847	2135	2.16047
chrY	2650438	10075082	2811	2.01916
chrY	10075082	15504216	808	1.29884
chrY	15504216	15517607	10	0.799871
chrY	15517607	17706446	1190	1.31342
chrY	17706446	18539584	433	1.93787
chrY	18539584	59018260	3618	1.31697
