Chromosome	Start	End	Num.Probes	Segment.Mean
chr1	61735	584105	33	1.92705
chr1	584105	4132829	1175	2.60181
chr1	4132829	5323509	1082	2.3181
chr1	5323509	32244766	15549	2.58753
chr1	32244766	32313941	32	3.52342
chr1	32313941	71717491	25076	2.43235
chr1	71717491	71861408	89	1.75086
chr1	71861408	72334998	293	2.10717
chr1	72334998	72524185	111	1.21264
chr1	72524185	85984457	8920	2.25757
chr1	85984457	86004587	10	3.49322
chr1	86004587	109735894	14986	2.31398
chr1	109735894	110227507	262	2.64945
chr1	110227507	110241565	19	1.90571
chr1	110241565	110354372	86	2.89427
chr1	110354372	114906336	3337	2.463
chr1	114906336	114929063	10	1.52051
chr1	114929063	119935561	3211	2.41388
chr1	119935561	119959832	10	1.62268
chr1	119959832	144008480	639	2.50028
chr1	144008480	144078865	39	3.14737
chr1	144078865	144902125	74	2.45199
chr1	144902125	145080023	79	2.98288
chr1	145080023	145377343	108	3.93961
chr1	145377343	145429022	17	6.47945
chr1	145429022	149038295	919	2.53656
chr1	149038295	149258053	135	1.72061
chr1	149258053	150145651	249	2.57697
chr1	150145651	150939971	372	4.86609
chr1	150939971	151347612	178	3.87378
chr1	151347612	152555616	750	3.11958
chr1	152555616	152586558	33	1.54701
chr1	152586558	152741378	160	2.9284
chr1	152741378	152975866	222	2.33297
chr1	152975866	153001104	10	1.56096
chr1	153001104	155791319	1461	2.68748
chr1	155791319	155992519	80	3.34369
chr1	155992519	158660331	1761	2.7667
chr1	158660331	165686232	5305	2.48824
chr1	165686232	165717885	18	1.79608
chr1	165717885	170367693	3569	2.53243
chr1	170367693	170382742	16	3.70796
chr1	170382742	172299894	1244	2.58942
chr1	172299894	172365243	46	4.08124
chr1	172365243	178665991	3960	2.44947
chr1	178665991	178669091	10	3.75855
chr1	178669091	187225820	5845	2.46031
chr1	187225820	192394453	3397	2.19691
chr1	192394453	206296166	9271	2.56207
chr1	206296166	206578444	15	1.88942
chr1	206578444	208019677	983	2.60499
chr1	208019677	213131836	3843	1.02412
chr1	213131836	213152662	12	1.39112
chr1	213152662	217423676	3162	0.941351
chr1	217423676	217895504	307	1.26885
chr1	217895504	217943271	29	0.864908
chr1	217943271	223136560	3564	1.35649
chr1	223136560	224690475	931	1.60782
chr1	224690475	225683993	696	1.06298
chr1	225683993	227188702	892	1.60052
chr1	227188702	227678329	339	0.987389
chr1	227678329	227697957	11	1.48269
chr1	227697957	227879376	112	1.03598
chr1	227879376	229417952	869	1.59038
chr1	229417952	232251278	2060	1.00608
chr1	232251278	232283053	30	0.735504
chr1	232283053	233953837	1430	0.985725
chr1	233953837	234567384	515	1.4818
chr1	234567384	236409343	1141	1.11163
chr1	236409343	240043394	2974	0.988684
chr1	240043394	240053575	13	1.34907
chr1	240053575	240367973	292	0.932846
chr1	240367973	240378355	17	1.29829
chr1	240378355	241117174	574	0.938841
chr1	241117174	241140541	16	1.59939
chr1	241140541	241216518	65	0.994486
chr1	241216518	241678490	391	1.63974
chr1	241678490	243059760	1119	1.37471
chr1	243059760	243082602	19	1.04153
chr1	243082602	247265563	2774	1.45282
chr1	247265563	247311393	15	1.96326
chr1	247311393	248860649	951	1.41645
chr1	248860649	248874483	14	1.01342
chr1	248874483	249224389	102	1.54926
chr2	12784	4209775	3035	1.29574
chr2	4209775	4223339	36	1.83892
chr2	4223339	7426960	2772	1.25118
chr2	7426960	7547918	88	3.10282
chr2	7547918	10215917	1933	2.6187
chr2	10215917	10862393	474	3.3186
chr2	10862393	11787035	647	1.40472
chr2	11787035	11927331	97	3.17811
chr2	11927331	13950908	1531	1.77302
chr2	13950908	13965631	11	1.26154
chr2	13965631	17941336	2912	1.70096
chr2	17941336	17991316	45	2.2492
chr2	17991316	20933983	2281	1.82828
chr2	20933983	23962103	2011	2.54299
chr2	23962103	25478908	760	2.88659
chr2	25478908	29640878	2282	3.35145
chr2	29640878	29648810	15	2.22996
chr2	29648810	35972004	4408	3.04936
chr2	35972004	35998961	10	1.70382
chr2	35998961	38408128	1984	3.01286
chr2	38408128	38807674	295	2.40915
chr2	38807674	40093079	731	2.84988
chr2	40093079	41417027	1137	3.55131
chr2	41417027	41526140	91	4.51417
chr2	41526140	42845532	1024	3.7566
chr2	42845532	42924186	41	2.96255
chr2	42924186	43178570	191	3.93033
chr2	43178570	50517187	5223	3.29845
chr2	50517187	51126250	481	2.54032
chr2	51126250	51150277	11	1.88075
chr2	51150277	51559687	306	2.71206
chr2	51559687	52754644	820	2.06722
chr2	52754644	52784745	36	3.78447
chr2	52784745	53793449	858	2.15109
chr2	53793449	53822013	10	1.43586
chr2	53822013	54916298	803	2.2358
chr2	54916298	55249013	272	2.63254
chr2	55249013	57564436	1582	2.18581
chr2	57564436	57582467	10	1.4471
chr2	57582467	58188384	404	2.07706
chr2	58188384	58207910	11	1.28857
chr2	58207910	72652649	9253	2.24545
chr2	72652649	72691193	11	1.40503
chr2	72691193	75286851	1325	2.3511
chr2	75286851	79673391	3140	2.10297
chr2	79673391	81633909	1370	3.56837
chr2	81633909	81831111	153	2.0035
chr2	81831111	82551942	449	1.22241
chr2	82551942	83503160	515	2.67221
chr2	83503160	84110230	342	3.48987
chr2	84110230	84836160	439	2.86145
chr2	84836160	85854277	558	3.94667
chr2	85854277	85914082	36	3.0961
chr2	85914082	87415889	752	1.5125
chr2	87415889	88010519	177	1.7762
chr2	88010519	91686060	850	1.38938
chr2	91686060	91965938	77	2.16125
chr2	91965938	92089051	11	1.53107
chr2	92089051	97460181	750	2.18785
chr2	97460181	97505721	23	2.7918
chr2	97505721	110350428	7941	2.08753
chr2	110350428	110390119	14	1.51012
chr2	110390119	113994487	1651	2.22246
chr2	113994487	141274719	17001	2.0045
chr2	141274719	141709412	275	1.7475
chr2	141709412	141969726	185	1.44817
chr2	141969726	142053011	51	0.96165
chr2	142053011	142148380	70	1.30433
chr2	142148380	142344634	157	2.09426
chr2	142344634	152952862	6453	2.45856
chr2	152952862	152975995	10	3.49953
chr2	152975995	165785682	7631	2.40792
chr2	165785682	165802543	10	1.69118
chr2	165802543	185244053	12593	2.47231
chr2	185244053	185264897	17	1.53233
chr2	185264897	185443217	147	2.11501
chr2	185443217	192993714	4295	2.43149
chr2	192993714	193003674	10	1.63294
chr2	193003674	196141331	1655	2.25606
chr2	196141331	204974742	5031	2.55837
chr2	204974742	205343709	265	1.76892
chr2	205343709	205349059	41	0.609925
chr2	205349059	212691548	4769	1.7553
chr2	212691548	212703696	10	1.0887
chr2	212703696	215295624	1681	1.64644
chr2	215295624	242093647	17592	1.85518
chr2	242093647	243089457	422	1.61245
chr3	60345	5375107	4792	1.84274
chr3	5375107	8626135	2919	2.27254
chr3	8626135	8711901	78	2.97209
chr3	8711901	10264006	1048	2.03846
chr3	10264006	10318826	44	2.46479
chr3	10318826	10964435	534	1.97223
chr3	10964435	16236111	3719	1.54446
chr3	16236111	16242490	12	0.969424
chr3	16242490	30994195	10367	1.36336
chr3	30994195	31008220	10	1.99366
chr3	31008220	46797597	10138	1.43359
chr3	46797597	46838133	28	0.820193
chr3	46838133	46848397	11	0.500632
chr3	46848397	47259832	183	1.6228
chr3	47259832	47725205	170	2.20044
chr3	47725205	50296907	989	1.65459
chr3	50296907	50370498	20	2.1253
chr3	50370498	51744127	613	1.55048
chr3	51744127	52082101	130	2.03499
chr3	52082101	53554841	758	1.60132
chr3	53554841	60486952	5234	1.42078
chr3	60486952	60539209	76	0.486231
chr3	60539209	61066564	554	1.33486
chr3	61066564	61095618	17	1.818
chr3	61095618	66890718	4739	1.40254
chr3	66890718	66906885	12	2.01393
chr3	66906885	74634612	5813	1.37698
chr3	74634612	74743111	44	1.07562
chr3	74743111	75385285	349	1.30949
chr3	75385285	75784935	138	1.55122
chr3	75784935	84945826	5165	1.27554
chr3	84945826	84958646	17	1.87973
chr3	84958646	85738947	442	1.22261
chr3	85738947	86137505	224	0.883146
chr3	86137505	87156356	556	1.26161
chr3	87156356	88641613	795	1.81365
chr3	88641613	90287687	947	1.31667
chr3	90287687	93521686	32	1.83868
chr3	93521686	95963487	1259	1.28777
chr3	95963487	96048433	50	1.75182
chr3	96048433	98971993	1627	1.33032
chr3	98971993	99835922	517	1.91718
chr3	99835922	99855086	12	2.6463
chr3	99855086	114566458	8971	1.82065
chr3	114566458	114702442	84	2.33752
chr3	114702442	116175304	957	1.84076
chr3	116175304	116317825	105	0.873661
chr3	116317825	116510923	175	0.449962
chr3	116510923	116527430	12	1.10195
chr3	116527430	116615051	84	0.449581
chr3	116615051	116629990	10	0.291894
chr3	116629990	116831463	165	0.502635
chr3	116831463	116948811	94	0.405218
chr3	116948811	117008647	46	1.30221
chr3	117008647	117232913	156	1.82191
chr3	117232913	117496650	189	1.2749
chr3	117496650	122011695	2605	1.9345
chr3	122011695	122022397	10	1.38054
chr3	122022397	137033160	9351	1.9989
chr3	137033160	137033432	10	1.33968
chr3	137033432	141676881	2888	1.922
chr3	141676881	141712106	10	1.31966
chr3	141712106	157732565	10075	1.87733
chr3	157732565	157787651	20	2.80264
chr3	157787651	174563829	10303	1.80794
chr3	174563829	174664018	71	1.2894
chr3	174664018	174778242	80	1.69262
chr3	174778242	174876383	61	1.24053
chr3	174876383	174941121	53	0.870938
chr3	174941121	176577420	1128	1.73524
chr3	176577420	177504572	610	1.96425
chr3	177504572	178003278	265	2.32884
chr3	178003278	178149115	70	3.67601
chr3	178149115	181745473	2147	1.87198
chr3	181745473	181766607	11	2.70625
chr3	181766607	182118221	163	1.77378
chr3	182118221	183566213	889	3.05496
chr3	183566213	189544371	4144	1.96753
chr3	189544371	189677983	92	4.15593
chr3	189677983	190217574	400	3.46561
chr3	190217574	191385264	852	1.76023
chr3	191385264	192293498	617	2.7407
chr3	192293498	192874277	426	3.15412
chr3	192874277	192884669	21	1.6726
chr3	192884669	192911938	28	3.14096
chr3	192911938	194289332	897	1.94765
chr3	194289332	195425950	586	4.3171
chr3	195425950	195455917	22	2.96728
chr3	195455917	195785648	144	4.24728
chr3	195785648	197896119	1058	2.04799
chr4	12281	3782351	1648	1.60787
chr4	3782351	3823540	12	1.13801
chr4	3823540	4209308	135	1.68916
chr4	4209308	6585170	1995	1.43159
chr4	6585170	6761324	107	1.72698
chr4	6761324	8672625	1371	3.75965
chr4	8672625	10212275	664	2.30683
chr4	10212275	10235174	34	1.68833
chr4	10235174	10710001	450	2.37778
chr4	10710001	11570025	734	1.82042
chr4	11570025	11591581	11	2.62317
chr4	11591581	14794222	2555	1.85342
chr4	14794222	15596209	566	3.19687
chr4	15596209	16021424	340	1.95736
chr4	16021424	16912206	659	1.3275
chr4	16912206	17040835	69	1.59045
chr4	17040835	18581307	1093	2.20876
chr4	18581307	19391751	551	1.31641
chr4	19391751	20149690	423	3.2725
chr4	20149690	20347673	108	3.91819
chr4	20347673	20412718	32	5.90731
chr4	20412718	20653021	187	4.05322
chr4	20653021	22146622	1165	2.24166
chr4	22146622	25113328	2113	3.70829
chr4	25113328	26236558	806	1.44676
chr4	26236558	27306432	620	2.5228
chr4	27306432	27747899	316	1.86451
chr4	27747899	28705239	631	3.50421
chr4	28705239	28769038	38	1.67947
chr4	28769038	30059229	878	2.12037
chr4	30059229	30836146	483	3.80984
chr4	30836146	31057218	125	5.36834
chr4	31057218	31127951	39	4.05167
chr4	31127951	31145618	10	7.0993
chr4	31145618	31300125	106	5.0886
chr4	31300125	31542207	173	3.96378
chr4	31542207	31905473	223	5.9447
chr4	31905473	31939054	20	3.58525
chr4	31939054	32177558	130	6.26478
chr4	32177558	32297271	111	3.85551
chr4	32297271	32305074	18	2.73629
chr4	32305074	32925205	344	3.75205
chr4	32925205	35944760	1837	2.14875
chr4	35944760	35967030	11	2.91201
chr4	35967030	37487803	1104	2.21565
chr4	37487803	38508590	804	2.53963
chr4	38508590	39409450	578	4.34167
chr4	39409450	39983835	274	2.48489
chr4	39983835	42552834	1647	3.5768
chr4	42552834	42752598	145	2.59507
chr4	42752598	42776969	10	1.35763
chr4	42776969	44633391	1160	2.43629
chr4	44633391	45974120	793	3.49135
chr4	45974120	46675071	337	2.50033
chr4	46675071	46838603	78	3.10567
chr4	46838603	47557808	440	2.584
chr4	47557808	48179957	432	1.84901
chr4	48179957	48181978	12	1.32727
chr4	48181978	49632324	537	1.83547
chr4	49632324	52686018	10	2.80556
chr4	52686018	56071230	2392	1.89301
chr4	56071230	68301869	7630	2.07316
chr4	68301869	69218102	564	2.97375
chr4	69218102	69326123	23	2.12416
chr4	69326123	74561274	3081	2.91412
chr4	74561274	75081576	320	3.26982
chr4	75081576	75089144	12	2.08185
chr4	75089144	76612367	921	3.02973
chr4	76612367	77776565	780	4.92386
chr4	77776565	77793373	40	3.75693
chr4	77793373	79253425	1077	4.83317
chr4	79253425	81396079	1279	3.13668
chr4	81396079	83357497	1202	4.18081
chr4	83357497	84509393	686	4.75774
chr4	84509393	86467282	1251	3.0285
chr4	86467282	86790199	259	2.67177
chr4	86790199	87696331	531	1.81674
chr4	87696331	89028546	937	2.79787
chr4	89028546	90789047	1064	3.17022
chr4	90789047	90853057	39	3.87275
chr4	90853057	91716431	503	2.20327
chr4	91716431	91727261	10	3.2135
chr4	91727261	94378999	1441	2.11261
chr4	94378999	94499494	57	2.63372
chr4	94499494	97585429	2047	2.2031
chr4	97585429	97873557	174	1.67465
chr4	97873557	98151367	162	1.22267
chr4	98151367	98165744	10	0.850454
chr4	98165744	98191916	17	1.30394
chr4	98191916	102524372	2501	2.20371
chr4	102524372	103933396	826	1.81915
chr4	103933396	106693175	1658	1.31717
chr4	106693175	122949284	10125	2.24557
chr4	122949284	128439880	3217	2.77398
chr4	128439880	128941807	206	2.26458
chr4	128941807	128958766	11	3.57126
chr4	128958766	130088873	581	2.38497
chr4	130088873	139433942	5552	2.13298
chr4	139433942	146032212	4169	2.34332
chr4	146032212	146136365	38	3.36353
chr4	146136365	147612174	848	2.34653
chr4	147612174	151851912	2451	1.31534
chr4	151851912	151861003	10	2.1588
chr4	151861003	151880108	20	1.29777
chr4	151880108	151884303	14	0.826383
chr4	151884303	155247706	2079	1.42513
chr4	155247706	163953991	5754	1.2833
chr4	163953991	163961438	13	1.94905
chr4	163961438	169515418	3544	1.30081
chr4	169515418	171103514	1000	2.38959
chr4	171103514	174104613	1852	2.13864
chr4	174104613	174199392	43	1.71668
chr4	174199392	181126365	4525	2.17569
chr4	181126365	181572806	404	1.70269
chr4	181572806	181789712	163	2.149
chr4	181789712	182148313	253	1.71803
chr4	182148313	182318160	162	0.757884
chr4	182318160	183238009	809	1.2781
chr4	183238009	191027924	5330	2.33555
chr5	15532	1921916	978	2.10935
chr5	1921916	13515459	9727	1.84606
chr5	13515459	13527112	31	2.44888
chr5	13527112	16473621	2144	1.86962
chr5	16473621	17760996	797	2.69971
chr5	17760996	19966281	1427	2.42701
chr5	19966281	20268802	149	1.68418
chr5	20268802	23522818	1895	2.06452
chr5	23522818	26579182	1878	1.68221
chr5	26579182	26638939	40	2.39316
chr5	26638939	26668209	17	1.6865
chr5	26668209	30944369	2561	2.42077
chr5	30944369	30968880	13	3.24061
chr5	30968880	40135601	6406	1.91271
chr5	40135601	41387790	855	2.28298
chr5	41387790	45301104	1926	1.87131
chr5	45301104	45918593	249	2.10832
chr5	45918593	45976778	10	1.56744
chr5	45976778	53529219	2569	2.1717
chr5	53529219	54355085	648	2.40106
chr5	54355085	54990419	325	1.83481
chr5	54990419	55169740	110	2.43977
chr5	55169740	80815490	15640	1.84494
chr5	80815490	80834943	10	1.36401
chr5	80834943	81833815	573	1.92626
chr5	81833815	92783393	6072	1.74411
chr5	92783393	92813105	11	2.37916
chr5	92813105	112126962	11926	1.73667
chr5	112126962	112141808	14	2.44292
chr5	112141808	130398867	12276	1.7785
chr5	130398867	142997458	7482	1.95593
chr5	142997458	148532483	3758	1.78265
chr5	148532483	150142873	1085	2.0473
chr5	150142873	150218017	39	2.73702
chr5	150218017	151219123	740	2.06105
chr5	151219123	163890767	8620	1.83736
chr5	163890767	164258620	197	1.62066
chr5	164258620	164349190	44	1.21758
chr5	164349190	164693438	222	1.66557
chr5	164693438	164718317	26	1.15899
chr5	164718317	164771787	34	0.733437
chr5	164771787	164833455	38	0.439685
chr5	164833455	164855215	13	0.829421
chr5	164855215	164930517	43	0.443138
chr5	164930517	165034725	55	0.747566
chr5	165034725	165167890	87	1.00387
chr5	165167890	165187310	17	0.735837
chr5	165187310	165256865	52	1.29575
chr5	165256865	165272000	13	0.819875
chr5	165272000	165297242	17	0.42713
chr5	165297242	165378790	62	0.919343
chr5	165378790	165401142	14	0.541869
chr5	165401142	165431589	29	0.361
chr5	165431589	165476678	36	0.469537
chr5	165476678	165507834	21	0.355524
chr5	165507834	166232442	561	0.903695
chr5	166232442	166485872	173	1.16873
chr5	166485872	166563614	49	0.853047
chr5	166563614	167031977	316	1.22039
chr5	167031977	167196263	143	1.68613
chr5	167196263	171958091	3685	2.40596
chr5	171958091	172387648	319	3.16007
chr5	172387648	174518736	1643	2.42035
chr5	174518736	174533927	11	1.75563
chr5	174533927	180790321	3435	2.43937
chr6	149661	257809	102	2.21318
chr6	257809	294599	22	2.96133
chr6	294599	1651719	1240	2.24489
chr6	1651719	2141853	358	1.29062
chr6	2141853	4958328	2302	2.38125
chr6	4958328	4975350	19	5.66109
chr6	4975350	11807404	5437	2.28599
chr6	11807404	11821053	20	1.36098
chr6	11821053	11888905	66	2.31222
chr6	11888905	11906971	19	4.47003
chr6	11906971	12188532	219	3.28755
chr6	12188532	15369595	2363	2.32207
chr6	15369595	15506003	125	1.85049
chr6	15506003	26095631	7878	2.24555
chr6	26095631	26110343	11	3.48369
chr6	26110343	29611109	1677	2.2252
chr6	29611109	32456712	1453	2.49548
chr6	32456712	32624843	62	1.99093
chr6	32624843	35742135	1786	2.48976
chr6	35742135	35776664	13	1.88819
chr6	35776664	37051231	848	2.56084
chr6	37051231	37068774	10	4.12425
chr6	37068774	38464217	902	2.40563
chr6	38464217	38901021	356	5.278
chr6	38901021	39308323	343	2.41763
chr6	39308323	39620351	193	5.37794
chr6	39620351	43153991	2387	2.41181
chr6	43153991	43167886	10	4.29414
chr6	43167886	44546004	813	2.59891
chr6	44546004	44571952	11	4.2382
chr6	44571952	44683623	98	2.84236
chr6	44683623	46340053	1088	2.37889
chr6	46340053	51843873	3518	2.12483
chr6	51843873	51873441	11	3.01619
chr6	51873441	56031327	2889	2.21251
chr6	56031327	56231409	158	1.75238
chr6	56231409	62428767	1379	2.19217
chr6	62428767	66358521	2233	1.62483
chr6	66358521	66388626	15	1.15477
chr6	66388626	67041182	456	1.58467
chr6	67041182	67043906	11	1.14393
chr6	67043906	68197212	927	1.56307
chr6	68197212	68211580	12	0.941259
chr6	68211580	78962881	6958	1.64041
chr6	78962881	79032454	110	1.27922
chr6	79032454	79334674	215	1.57939
chr6	79334674	79348585	11	1.1397
chr6	79348585	79699334	186	1.62793
chr6	79699334	79743479	11	2.30165
chr6	79743479	87422603	4888	1.66523
chr6	87422603	87429914	12	1.16646
chr6	87429914	91241568	2459	1.73144
chr6	91241568	101980351	6834	1.55175
chr6	101980351	105779692	2379	1.97117
chr6	105779692	107360095	1111	2.2314
chr6	107360095	107383074	16	2.96086
chr6	107383074	111153629	2374	2.26382
chr6	111153629	111178811	10	1.57607
chr6	111178811	111347348	86	2.49005
chr6	111347348	117717213	3880	2.14011
chr6	117717213	117762443	55	1.58733
chr6	117762443	120500023	1624	2.04624
chr6	120500023	120902002	263	0.797409
chr6	120902002	121785765	516	2.15809
chr6	121785765	121981036	118	3.45906
chr6	121981036	122816538	482	2.66492
chr6	122816538	123511158	408	2.08373
chr6	123511158	123535709	12	1.40236
chr6	123535709	136800817	8892	2.10794
chr6	136800817	136823204	11	1.54712
chr6	136823204	143174803	3948	2.10663
chr6	143174803	143191265	11	1.53402
chr6	143191265	149712017	4493	2.07792
chr6	149712017	149839972	81	2.57007
chr6	149839972	162053636	8532	2.1805
chr6	162053636	162066318	17	1.58844
chr6	162066318	171051006	6617	2.10491
chr7	43259	7786100	4219	2.02473
chr7	7786100	14980231	5984	1.76769
chr7	14980231	15081148	78	1.32905
chr7	15081148	19274977	3573	1.86534
chr7	19274977	19300039	17	2.49658
chr7	19300039	19779202	386	1.8511
chr7	19779202	19908221	97	2.39155
chr7	19908221	24344404	3380	1.85867
chr7	24344404	24377558	59	2.26116
chr7	24377558	24795411	286	2.82961
chr7	24795411	38294548	9720	1.91849
chr7	38294548	38414524	136	2.35609
chr7	38414524	41410988	1981	1.86555
chr7	41410988	41430566	14	1.38437
chr7	41430566	43954301	1761	1.92317
chr7	43954301	45165107	571	2.13635
chr7	45165107	55897079	7993	1.83096
chr7	55897079	56267538	163	2.24464
chr7	56267538	56284541	10	1.59193
chr7	56284541	56603305	121	2.26155
chr7	56603305	57396684	313	1.74746
chr7	57396684	57460435	46	2.14383
chr7	57460435	61858101	325	1.78395
chr7	61858101	62103530	37	2.39622
chr7	62103530	72390559	5373	1.8713
chr7	72390559	77192111	1584	2.08039
chr7	77192111	77218330	10	1.15561
chr7	77218330	78170653	742	1.80842
chr7	78170653	78389899	170	1.2689
chr7	78389899	95925745	11381	1.77579
chr7	95925745	95955797	16	2.76217
chr7	95955797	100420970	2288	1.96314
chr7	100420970	100461147	10	2.82975
chr7	100461147	100955743	180	2.09208
chr7	100955743	100973530	11	1.41669
chr7	100973530	102377832	576	2.08533
chr7	102377832	108647374	4081	1.87327
chr7	108647374	109437678	521	1.64254
chr7	109437678	109441704	14	2.52671
chr7	109441704	111056861	1105	1.69649
chr7	111056861	111079079	22	2.34984
chr7	111079079	126045228	8999	1.73591
chr7	126045228	126046877	14	1.21175
chr7	126046877	126642172	416	1.71175
chr7	126642172	144140026	11066	1.90669
chr7	144140026	146542321	1512	1.67483
chr7	146542321	146564136	20	1.08323
chr7	146564136	146586559	14	1.69914
chr7	146586559	146882415	192	1.19197
chr7	146882415	147187183	245	1.63003
chr7	147187183	159127005	7804	1.87763
chr8	31254	2627631	2064	1.67399
chr8	2627631	3926148	1685	1.45602
chr8	3926148	4165878	484	1.12291
chr8	4165878	4167286	13	0.823659
chr8	4167286	4451590	426	1.13669
chr8	4451590	4455806	10	1.59352
chr8	4455806	6103220	2260	1.13189
chr8	6103220	7255079	1070	1.29684
chr8	7255079	7787748	137	1.70195
chr8	7787748	7865681	30	1.21004
chr8	7865681	10476312	2217	1.76408
chr8	10476312	10588742	92	2.64861
chr8	10588742	11203697	508	2.17015
chr8	11203697	11408966	174	2.64001
chr8	11408966	11539256	87	1.76811
chr8	11539256	11675402	95	2.20329
chr8	11675402	12241174	192	1.78062
chr8	12241174	14033793	1595	2.46497
chr8	14033793	14147877	98	7.31872
chr8	14147877	14164661	13	3.42116
chr8	14164661	14264835	102	8.90342
chr8	14264835	14514995	298	3.77568
chr8	14514995	14525748	16	8.49438
chr8	14525748	14588243	83	2.64047
chr8	14588243	14604317	17	6.0742
chr8	14604317	14676507	61	2.75081
chr8	14676507	14689017	18	9.01129
chr8	14689017	14743784	25	2.56628
chr8	14743784	14912295	148	3.32792
chr8	14912295	14934946	27	8.70957
chr8	14934946	15032646	87	6.54518
chr8	15032646	15388210	266	3.27803
chr8	15388210	15406293	12	4.47353
chr8	15406293	15712057	317	3.27372
chr8	15712057	15737186	16	7.2958
chr8	15737186	15787579	52	3.85612
chr8	15787579	15811544	36	8.09146
chr8	15811544	16298286	420	2.4512
chr8	16298286	19216637	2704	2.20059
chr8	19216637	19597755	326	2.62248
chr8	19597755	28421090	6649	1.3705
chr8	28421090	30036516	985	1.80329
chr8	30036516	30742416	407	2.27379
chr8	30742416	31059891	209	1.68656
chr8	31059891	31679958	393	2.02888
chr8	31679958	32092264	333	1.64173
chr8	32092264	32421313	290	2.05521
chr8	32421313	32439308	17	1.54047
chr8	32439308	32730667	252	2.10137
chr8	32730667	32784257	31	1.58497
chr8	32784257	32949312	88	2.18005
chr8	32949312	32986336	20	1.64153
chr8	32986336	33349148	227	2.12382
chr8	33349148	33868396	244	1.72379
chr8	33868396	36865106	1669	1.23769
chr8	36865106	37162172	242	1.85047
chr8	37162172	37697015	286	1.44824
chr8	37697015	38339424	322	1.93439
chr8	38339424	38892007	275	1.4716
chr8	38892007	39560394	332	1.29126
chr8	39560394	41309561	1310	1.76604
chr8	41309561	42930894	949	2.02845
chr8	42930894	43064678	49	3.24789
chr8	43064678	56851233	6063	2.26965
chr8	56851233	56861755	11	3.14391
chr8	56861755	57610979	454	2.28582
chr8	57610979	57633521	10	1.53843
chr8	57633521	65244866	5045	2.25595
chr8	65244866	65260829	14	1.38544
chr8	65260829	85770415	12396	2.27225
chr8	85770415	85828402	42	1.28383
chr8	85828402	89186347	1721	2.27537
chr8	89186347	89291115	64	0.805915
chr8	89291115	110968737	13442	2.32439
chr8	110968737	112294286	714	2.10017
chr8	112294286	112302217	11	1.56312
chr8	112302217	113844385	837	2.12628
chr8	113844385	113908082	39	1.62082
chr8	113908082	115633265	974	2.13502
chr8	115633265	115646214	35	1.45537
chr8	115646214	143225263	20207	2.36572
chr8	143225263	143253022	16	1.8004
chr8	143253022	146298156	1076	2.62991
chr9	46587	8330006	8140	1.78905
chr9	8330006	8593759	264	1.26972
chr9	8593759	8603324	11	1.83546
chr9	8603324	9242900	545	1.22515
chr9	9242900	9289556	35	1.73371
chr9	9289556	9458416	181	1.24687
chr9	9458416	9500075	43	1.66466
chr9	9500075	9665261	128	1.21851
chr9	9665261	9694286	13	0.721158
chr9	9694286	9805272	121	1.2382
chr9	9805272	9816196	13	1.72717
chr9	9816196	10069810	316	1.24457
chr9	10069810	10130379	77	0.864809
chr9	10130379	12671196	2070	1.26935
chr9	12671196	21296242	7343	1.40113
chr9	21296242	21303397	12	0.964955
chr9	21303397	32356205	8162	1.32539
chr9	32356205	38739147	4101	1.51295
chr9	38739147	69859516	717	1.83367
chr9	69859516	69941943	17	1.28987
chr9	69941943	72313438	1190	2.08989
chr9	72313438	72338265	10	2.85669
chr9	72338265	104420482	22464	2.13
chr9	104420482	107038442	1959	1.87327
chr9	107038442	118956617	9213	2.17147
chr9	118956617	119027019	52	2.97663
chr9	119027019	123017648	3487	2.04334
chr9	123017648	141091395	10359	2.31618
chr10	72759	4433207	3847	1.41242
chr10	4433207	4443835	10	0.876246
chr10	4443835	8477133	3549	1.4402
chr10	8477133	11102232	2177	1.29771
chr10	11102232	13049628	1528	1.49133
chr10	13049628	13054052	10	1.02795
chr10	13054052	17043087	3429	1.43277
chr10	17043087	17150943	70	0.463655
chr10	17150943	17164689	12	0.745414
chr10	17164689	17215938	37	0.520834
chr10	17215938	24376468	4850	1.36123
chr10	24376468	24377987	10	0.59575
chr10	24377987	24643279	218	1.38391
chr10	24643279	24794076	125	1.89616
chr10	24794076	25824099	667	1.4003
chr10	25824099	25843296	14	1.01405
chr10	25843296	34618315	6449	1.44034
chr10	34618315	34631395	10	1.02664
chr10	34631395	42433783	2598	1.42161
chr10	42433783	43201634	295	1.78869
chr10	43201634	43460933	164	2.23459
chr10	43460933	46303053	1973	1.8788
chr10	46303053	46962601	38	2.49142
chr10	46962601	47480450	164	3.34364
chr10	47480450	49292507	522	2.29357
chr10	49292507	50278702	782	3.72199
chr10	50278702	51214357	589	2.99095
chr10	51214357	51586593	63	1.79067
chr10	51586593	52736826	571	2.47437
chr10	52736826	52890242	117	4.39214
chr10	52890242	52928032	28	2.48655
chr10	52928032	53113703	168	1.67404
chr10	53113703	53165113	36	2.20771
chr10	53165113	53214336	44	3.74739
chr10	53214336	53396296	201	3.05198
chr10	53396296	53741312	247	1.673
chr10	53741312	53805364	57	2.12764
chr10	53805364	53963595	149	1.63587
chr10	53963595	55057460	872	1.29487
chr10	55057460	56539375	1168	1.5725
chr10	56539375	57312720	483	1.2078
chr10	57312720	57335673	21	0.882046
chr10	57335673	57441514	78	1.2372
chr10	57441514	57442177	10	1.90728
chr10	57442177	57851708	286	1.2513
chr10	57851708	57872355	11	1.88076
chr10	57872355	57892462	24	1.12208
chr10	57892462	58341105	274	2.52085
chr10	58341105	58955615	521	2.05376
chr10	58955615	59379868	326	1.24632
chr10	59379868	59387615	11	0.911689
chr10	59387615	62600263	2410	1.37465
chr10	62600263	62613235	10	1.95692
chr10	62613235	63309514	434	1.36568
chr10	63309514	63320623	10	0.945382
chr10	63320623	65949503	1695	1.41035
chr10	65949503	67308723	950	1.26558
chr10	67308723	67314438	20	0.639259
chr10	67314438	67346420	36	1.29527
chr10	67346420	67362371	17	1.78052
chr10	67362371	69256616	1377	1.26473
chr10	69256616	78055669	5306	1.51905
chr10	78055669	78772535	526	1.32024
chr10	78772535	82420658	2678	1.5061
chr10	82420658	87042601	3507	1.28767
chr10	87042601	87065071	14	0.965909
chr10	87065071	88350151	918	1.35586
chr10	88350151	88366845	10	2.02131
chr10	88366845	89654865	645	1.44327
chr10	89654865	89662162	11	2.17233
chr10	89662162	96865196	4736	1.41003
chr10	96865196	96879295	21	2.04509
chr10	96879295	99394986	1687	1.43517
chr10	99394986	99652897	150	2.0646
chr10	99652897	103855189	2469	1.47393
chr10	103855189	103906302	20	2.0427
chr10	103906302	105662006	867	1.6016
chr10	105662006	120860294	10985	1.37901
chr10	120860294	120892970	20	1.93694
chr10	120892970	126615661	4479	1.44965
chr10	126615661	126729319	78	0.562813
chr10	126729319	132313111	4362	1.40615
chr10	132313111	132324969	11	0.876109
chr10	132324969	132984308	629	1.38427
chr10	132984308	132994629	10	0.887604
chr10	132994629	133648737	469	1.43477
chr10	133648737	135224729	715	1.61359
chr10	135224729	135234157	10	1.0373
chr10	135234157	135382259	115	2.04911
chr10	135382259	135506705	39	1.57116
chr11	198510	2579638	891	2.17982
chr11	2579638	9747817	5296	1.90251
chr11	9747817	9833492	66	2.6175
chr11	9833492	20872948	8528	1.91817
chr11	20872948	27532166	5094	1.74266
chr11	27532166	27566029	20	2.31286
chr11	27566029	32923646	3399	1.74273
chr11	32923646	36839131	3137	1.93635
chr11	36839131	43395981	4434	1.71625
chr11	43395981	48670489	3080	2.03445
chr11	48670489	49804807	490	1.71341
chr11	49804807	55205063	628	2.46245
chr11	55205063	55237808	13	1.79828
chr11	55237808	55872557	478	2.38114
chr11	55872557	55895665	14	1.81664
chr11	55895665	56733529	536	2.37621
chr11	56733529	56864872	81	1.7659
chr11	56864872	56898513	38	2.64514
chr11	56898513	59079637	1271	1.84783
chr11	59079637	60054553	608	2.59458
chr11	60054553	60462329	254	1.7874
chr11	60462329	62254950	1035	2.0494
chr11	62254950	62399332	56	2.64385
chr11	62399332	78543365	8097	1.98993
chr11	78543365	79346576	719	1.76203
chr11	79346576	79360411	12	0.865206
chr11	79360411	79442480	64	1.78825
chr11	79442480	79568852	76	0.802385
chr11	79568852	79590890	11	1.18004
chr11	79590890	79767123	119	0.805968
chr11	79767123	79777860	12	1.12294
chr11	79777860	80398346	534	0.834694
chr11	80398346	84252633	2800	1.70641
chr11	84252633	84311577	32	1.19654
chr11	84311577	84382009	55	0.816389
chr11	84382009	84554258	89	1.28436
chr11	84554258	85019244	383	1.67852
chr11	85019244	85283299	116	1.31737
chr11	85283299	87571089	1619	1.86771
chr11	87571089	87710108	115	2.54967
chr11	87710108	88815076	782	1.74607
chr11	88815076	88833524	10	1.26482
chr11	88833524	92573043	2367	1.72384
chr11	92573043	92765550	162	2.32041
chr11	92765550	97027092	3002	1.85553
chr11	97027092	99388997	1788	1.62931
chr11	99388997	99517443	113	1.24848
chr11	99517443	99569985	45	1.46834
chr11	99569985	99590995	18	0.76258
chr11	99590995	100242663	498	1.65887
chr11	100242663	102292946	1567	1.84007
chr11	102292946	102362829	48	2.30725
chr11	102362829	116458579	9789	1.86392
chr11	116458579	119235773	1845	2.08214
chr11	119235773	130190883	8205	1.86501
chr11	130190883	130204907	10	1.15308
chr11	130204907	130953265	544	1.8745
chr11	130953265	130968461	10	2.52051
chr11	130968461	134944771	3239	1.76787
chr12	150442	8557590	5704	2.45871
chr12	8557590	8578647	18	1.74769
chr12	8578647	9635889	583	2.31261
chr12	9635889	9695466	15	1.53272
chr12	9695466	11221597	1073	2.3385
chr12	11221597	11246703	10	1.5623
chr12	11246703	17541437	4455	2.32293
chr12	17541437	17554502	10	1.61258
chr12	17554502	23727850	4073	2.21484
chr12	23727850	26260870	2048	1.92385
chr12	26260870	34756086	6019	2.31846
chr12	34756086	46169218	5081	1.96304
chr12	46169218	58402546	6921	2.20105
chr12	58402546	81855668	15472	1.94945
chr12	81855668	81867317	10	2.6619
chr12	81867317	87410207	3265	1.89005
chr12	87410207	87528767	76	0.976701
chr12	87528767	88202812	389	1.86023
chr12	88202812	88213205	10	1.31283
chr12	88213205	88642257	241	1.93158
chr12	88642257	88673906	11	1.44543
chr12	88673906	94566185	3873	2.03793
chr12	94566185	94566994	13	2.95946
chr12	94566994	108792203	10002	2.04251
chr12	108792203	109090241	244	2.28527
chr12	109090241	109206550	53	2.90783
chr12	109206550	116326276	4753	2.16664
chr12	116326276	116335380	10	1.38393
chr12	116335380	118975376	1783	2.1166
chr12	118975376	119982795	765	1.8269
chr12	119982795	125888138	3076	2.09435
chr12	125888138	132057870	5497	1.83921
chr12	132057870	132545128	272	2.10905
chr12	132545128	133683557	337	1.72614
chr12	133683557	133697859	11	1.19935
chr12	133697859	133778190	38	1.67604
chr13	19026949	39699688	15010	2.20426
chr13	39699688	39712198	11	1.63362
chr13	39712198	44760870	3650	2.25987
chr13	44760870	44784278	21	2.94275
chr13	44784278	53863449	5667	2.29164
chr13	53863449	64307409	6138	2.03066
chr13	64307409	64345076	10	2.7412
chr13	64345076	94319958	19628	2.06217
chr13	94319958	94588121	179	1.20711
chr13	94588121	94634469	29	1.60486
chr13	94634469	94672905	30	2.62148
chr13	94672905	113875310	14479	2.14057
chr13	113875310	115108398	478	2.48595
chr14	19002124	20425885	201	1.44126
chr14	20425885	20434022	11	0.991877
chr14	20434022	20764339	219	1.38243
chr14	20764339	24231757	2415	1.57707
chr14	24231757	24279823	42	1.28182
chr14	24279823	25139103	516	1.60124
chr14	25139103	26779376	1238	1.36366
chr14	26779376	26795640	13	1.81593
chr14	26795640	29535570	1594	1.2683
chr14	29535570	29557122	10	0.825878
chr14	29557122	35261567	3818	1.38166
chr14	35261567	35465877	106	2.02587
chr14	35465877	35972827	257	1.60685
chr14	35972827	39659028	2343	1.3664
chr14	39659028	39799959	71	1.62683
chr14	39799959	47185597	4464	1.29386
chr14	47185597	47210052	12	0.91576
chr14	47210052	48721698	991	1.28658
chr14	48721698	51871397	1843	1.49272
chr14	51871397	51887573	10	2.04629
chr14	51887573	58133295	4459	1.45393
chr14	58133295	58150618	12	0.674117
chr14	58150618	67930871	6070	1.4458
chr14	67930871	67944486	10	2.24415
chr14	67944486	68979565	648	1.51203
chr14	68979565	69174655	194	1.98457
chr14	69174655	69439055	208	2.63067
chr14	69439055	69734529	143	2.23379
chr14	69734529	69810217	65	3.30412
chr14	69810217	72462469	1656	1.86358
chr14	72462469	72466217	11	1.37391
chr14	72466217	76200288	2437	1.93828
chr14	76200288	76222016	12	2.87535
chr14	76222016	78967980	1983	1.87343
chr14	78967980	78984101	10	1.18534
chr14	78984101	81805748	1909	1.75081
chr14	81805748	82003100	114	2.38488
chr14	82003100	85564743	2385	1.66799
chr14	85564743	85566356	12	2.45103
chr14	85566356	87203337	1176	1.67127
chr14	87203337	87231363	16	1.08492
chr14	87231363	87989335	486	1.65154
chr14	87989335	98217184	7124	1.85447
chr14	98217184	98229339	12	1.21804
chr14	98229339	99263434	931	1.69223
chr14	99263434	106920590	3865	1.93981
chr14	106920590	106948820	10	1.11588
chr14	106948820	107285438	216	1.78589
chr15	20016328	20342067	61	2.12543
chr15	20342067	31343877	5501	1.79876
chr15	31343877	31642565	224	2.11558
chr15	31642565	40069943	6123	1.86198
chr15	40069943	44839371	2291	2.03509
chr15	44839371	45256340	207	2.46698
chr15	45256340	46015736	394	1.96904
chr15	46015736	46397681	261	2.33721
chr15	46397681	50653047	2795	1.86769
chr15	50653047	50796046	72	2.23708
chr15	50796046	63172153	8897	1.88905
chr15	63172153	66796261	2010	2.08774
chr15	66796261	66992044	151	3.14417
chr15	66992044	68846844	1275	2.04258
chr15	68846844	68863072	10	2.85984
chr15	68863072	75459351	3962	2.02229
chr15	75459351	75512250	16	2.76382
chr15	75512250	75636522	20	1.89929
chr15	75636522	76891684	596	2.5634
chr15	76891684	76902186	20	4.32041
chr15	76902186	84692587	4602	2.45301
chr15	84692587	84708696	10	1.70875
chr15	84708696	90596619	4092	2.42628
chr15	90596619	90760220	110	2.95981
chr15	90760220	93454240	2184	2.47531
chr15	93454240	93464448	10	3.45932
chr15	93464448	94930395	1250	2.48531
chr15	94930395	98720333	2868	2.25594
chr15	98720333	102469041	2803	2.50647
chr16	60777	5351396	2351	2.04666
chr16	5351396	8224328	3525	1.71963
chr16	8224328	21689899	8909	1.8742
chr16	21689899	21708136	10	2.52437
chr16	21708136	29298135	4668	1.87749
chr16	29298135	31298194	606	2.25769
chr16	31298194	34411166	762	1.90378
chr16	34411166	40873504	353	2.3571
chr16	40873504	56754814	7191	1.81722
chr16	56754814	56766307	10	1.32103
chr16	56766307	59028737	1386	1.94129
chr16	59028737	59743936	494	1.65222
chr16	59743936	63355895	2319	1.92651
chr16	63355895	63374591	10	1.39201
chr16	63374591	66107233	2104	2.12366
chr16	66107233	67663959	797	2.38056
chr16	67663959	70883685	1456	1.9791
chr16	70883685	71205551	218	2.24271
chr16	71205551	72966785	968	1.84204
chr16	72966785	73030913	49	1.34487
chr16	73030913	73556556	386	1.86961
chr16	73556556	73780153	217	1.42113
chr16	73780153	84484735	10551	1.82883
chr16	84484735	85620863	885	2.0203
chr16	85620863	85663465	11	1.37605
chr16	85663465	90287536	3091	2.01478
chr17	526	795677	407	1.57956
chr17	795677	842266	34	1.14956
chr17	842266	7587952	3894	1.59028
chr17	7587952	8099527	221	13.6894
chr17	8099527	8122393	10	8.98986
chr17	8122393	8173928	27	13.6507
chr17	8173928	8598196	253	17.7321
chr17	8598196	8609483	10	11.962
chr17	8609483	8625370	17	24.8128
chr17	8625370	8838102	159	14.6489
chr17	8838102	8850380	10	9.44454
chr17	8850380	8964486	75	14.4292
chr17	8964486	9165989	131	11.6698
chr17	9165989	9184509	14	16.5403
chr17	9184509	9216304	20	10.1491
chr17	9216304	9244158	26	18.9716
chr17	9244158	9265699	18	12.5836
chr17	9265699	9573324	211	19.078
chr17	9573324	9595046	12	26.9572
chr17	9595046	9619092	10	10.6766
chr17	9619092	9980977	341	16.0198
chr17	9980977	9995618	15	27.2822
chr17	9995618	10194792	184	19.4938
chr17	10194792	10222008	21	11.9801
chr17	10222008	10494921	159	19.43
chr17	10494921	11436787	767	2.17718
chr17	11436787	11705989	205	5.91559
chr17	11705989	12796887	741	1.86396
chr17	12796887	12805127	11	5.93576
chr17	12805127	13318663	405	8.30317
chr17	13318663	13389430	64	10.1152
chr17	13389430	13412836	11	6.88263
chr17	13412836	13669787	229	13.0943
chr17	13669787	13677149	10	8.04721
chr17	13677149	13831099	129	11.6943
chr17	13831099	13838710	12	8.12492
chr17	13838710	14292204	346	13.059
chr17	14292204	14295755	11	8.3459
chr17	14295755	14302418	10	16.4976
chr17	14302418	14620708	280	11.5359
chr17	14620708	14635450	14	7.89659
chr17	14635450	14804420	141	10.892
chr17	14804420	14887089	81	7.4365
chr17	14887089	15046544	152	9.48205
chr17	15046544	15052854	10	19.024
chr17	15052854	16195076	585	10.1311
chr17	16195076	16493487	161	14.4034
chr17	16493487	16523068	10	6.41121
chr17	16523068	16705536	49	12.0263
chr17	16705536	16773278	18	6.53473
chr17	16773278	17157995	239	11.5395
chr17	17157995	17202534	22	19.5894
chr17	17202534	17682127	309	13.8918
chr17	17682127	17744507	17	20.9068
chr17	17744507	17833751	47	12.821
chr17	17833751	17857328	10	7.12843
chr17	17857328	18027920	101	13.1105
chr17	18027920	18045515	10	6.78631
chr17	18045515	18142834	59	10.9471
chr17	18142834	18180574	10	17.0131
chr17	18180574	18274769	55	10.837
chr17	18274769	18357169	46	7.8887
chr17	18357169	18391867	14	1.8209
chr17	18391867	18467209	15	3.47839
chr17	18467209	18627732	41	11.8075
chr17	18627732	18667929	10	2.7387
chr17	18667929	18922739	126	1.11721
chr17	18922739	20221726	626	1.86263
chr17	20221726	20279125	10	4.3275
chr17	20279125	20392123	27	2.21504
chr17	20392123	20460118	11	4.5109
chr17	20460118	20492068	12	1.89408
chr17	20492068	20591906	27	2.89449
chr17	20591906	39245114	8656	1.81691
chr17	39245114	49492163	5346	2.47648
chr17	49492163	58909205	6236	2.2444
chr17	58909205	63448640	2313	3.33995
chr17	63448640	63464120	10	2.1493
chr17	63464120	64467786	617	3.17138
chr17	64467786	72656418	5910	2.74887
chr17	72656418	72666253	11	4.36402
chr17	72666253	72853690	84	2.98478
chr17	72853690	72896696	21	2.21509
chr17	72896696	80639390	3968	2.99946
chr17	80639390	80648399	11	2.00687
chr17	80648399	81049727	219	3.0371
chr18	11543	1711625	1178	2.16422
chr18	1711625	1724573	10	1.53776
chr18	1724573	2830344	833	2.12417
chr18	2830344	2874260	25	2.74644
chr18	2874260	8805381	4493	2.1532
chr18	8805381	13003903	2897	2.38454
chr18	13003903	13461327	310	1.82796
chr18	13461327	22519038	3199	2.19108
chr18	22519038	36240945	8939	1.67974
chr18	36240945	36264815	10	1.16304
chr18	36264815	77907347	29555	1.70485
chr18	77907347	77940144	24	1.28382
chr18	77940144	78015058	40	0.892708
chr19	90910	20746076	9249	2.16321
chr19	20746076	26172371	2234	1.85378
chr19	26172371	28069044	40	22.2647
chr19	28069044	28168666	27	14.4354
chr19	28168666	28322567	68	20.3855
chr19	28322567	28336303	13	11.7482
chr19	28336303	28592237	203	17.6042
chr19	28592237	28753797	155	22.373
chr19	28753797	28781463	19	35.9143
chr19	28781463	28890745	86	22.0364
chr19	28890745	28915023	38	16.634
chr19	28915023	28944096	21	29.7424
chr19	28944096	29213993	172	20.8542
chr19	29213993	29234846	10	8.80541
chr19	29234846	29757501	445	15.1198
chr19	29757501	29762551	13	10.0968
chr19	29762551	29807306	41	15.3035
chr19	29807306	29819575	15	22.9921
chr19	29819575	29831854	11	14.0371
chr19	29831854	29938585	102	21.8852
chr19	29938585	29972466	18	32.3742
chr19	29972466	29980995	12	12.1655
chr19	29980995	30248214	192	22.0736
chr19	30248214	30293518	29	14.8341
chr19	30293518	30305231	12	38.7262
chr19	30305231	30308510	23	22.8043
chr19	30308510	30321375	10	13.0708
chr19	30321375	30818627	318	23.0106
chr19	30818627	30831880	15	13.4555
chr19	30831880	30950071	84	23.7404
chr19	30950071	30963441	10	11.7679
chr19	30963441	31065450	104	23.2384
chr19	31065450	31077822	10	12.5583
chr19	31077822	31113304	22	27.0576
chr19	31113304	31276468	100	19.4598
chr19	31276468	31324319	37	25.3907
chr19	31324319	31343392	23	14.4796
chr19	31343392	31481138	100	22.8791
chr19	31481138	31494765	13	14.2698
chr19	31494765	31665182	123	23.4777
chr19	31665182	31675352	11	11.5335
chr19	31675352	31693914	10	27.8417
chr19	31693914	31707960	10	13.05
chr19	31707960	31725213	15	25.2014
chr19	31725213	31811697	63	9.73062
chr19	31811697	32034301	194	12.6855
chr19	32034301	32053019	12	7.75908
chr19	32053019	32387580	261	12.064
chr19	32387580	32397940	11	8.26502
chr19	32397940	32749794	289	13.565
chr19	32749794	40173965	4234	1.53328
chr19	40173965	40229522	36	12.5315
chr19	40229522	40357534	105	17.1218
chr19	40357534	40381287	32	9.64201
chr19	40381287	40616628	97	15.5747
chr19	40616628	40802181	139	9.51931
chr19	40802181	41065400	105	13.1057
chr19	41065400	41089038	10	8.14665
chr19	41089038	41173861	28	12.9694
chr19	41173861	41188486	12	7.59773
chr19	41188486	41351689	93	13.7094
chr19	41351689	41360834	10	7.89349
chr19	41360834	41812461	289	13.5792
chr19	41812461	59097855	9615	1.58364
chr20	61305	744825	534	2.02034
chr20	744825	756421	10	1.47158
chr20	756421	1561660	684	2.04489
chr20	1561660	1582149	35	1.47842
chr20	1582149	2460089	783	2.04701
chr20	2460089	2472339	10	3.13566
chr20	2472339	5711542	2242	2.07998
chr20	5711542	23641097	14393	1.8982
chr20	23641097	23665069	15	2.94912
chr20	23665069	24847479	934	1.91191
chr20	24847479	25395257	325	2.50945
chr20	25395257	25414096	12	3.30263
chr20	25414096	29651559	426	2.32315
chr20	29651559	30616627	369	3.55955
chr20	30616627	31125319	233	2.9149
chr20	31125319	31850981	486	2.09689
chr20	31850981	32865234	448	2.84802
chr20	32865234	32931951	27	3.83244
chr20	32931951	38097105	2873	2.73913
chr20	38097105	38119319	10	1.64088
chr20	38119319	38198379	57	2.5691
chr20	38198379	38230565	20	3.5104
chr20	38230565	49601975	8216	2.68178
chr20	49601975	49975331	291	3.17137
chr20	49975331	52738310	2167	2.57234
chr20	52738310	52766393	25	3.50556
chr20	52766393	58393065	4558	2.59495
chr20	58393065	58407519	11	1.78579
chr20	58407519	60315168	1731	2.48267
chr20	60315168	62956154	1142	2.8069
chr21	10736871	10955166	40	2.46655
chr21	10955166	10967359	14	3.66753
chr21	10967359	11028663	32	2.45699
chr21	11028663	11124005	28	1.88886
chr21	11124005	15498739	461	2.64968
chr21	15498739	16353670	592	1.86967
chr21	16353670	16450646	84	3.11877
chr21	16450646	17729192	919	2.25856
chr21	17729192	18398622	462	1.77312
chr21	18398622	18407414	12	2.3923
chr21	18407414	32974510	11011	1.77401
chr21	32974510	39868722	5097	2.02996
chr21	39868722	39870285	10	1.47606
chr21	39870285	40920746	857	2.02939
chr21	40920746	42619730	1572	1.8262
chr21	42619730	44435506	1444	2.02214
chr21	44435506	44461507	45	3.13296
chr21	44461507	48096958	2085	2.1214
chr22	16052528	17111452	169	1.70762
chr22	17111452	17334309	125	2.00116
chr22	17334309	20098451	1792	2.3851
chr22	20098451	20124041	14	3.27085
chr22	20124041	25845889	3626	2.41206
chr22	25845889	25856442	10	1.65943
chr22	25856442	39394877	10015	2.35909
chr22	39394877	39427484	15	1.70674
chr22	39427484	51234456	8159	2.39899
chrMT	408	16149	107	1.81489
chrX	168477	650633	118	2.22002
chrX	650633	1219197	74	2.9156
chrX	1219197	2703512	248	3.59209
chrX	2703512	2976286	199	5.3632
chrX	2976286	2998162	10	9.38033
chrX	2998162	3954002	556	4.92144
chrX	3954002	5203602	1116	3.65374
chrX	5203602	5219228	11	6.14045
chrX	5219228	12935296	5942	3.56226
chrX	12935296	13296880	223	5.87151
chrX	13296880	15714921	1681	4.91239
chrX	15714921	15723932	10	3.1744
chrX	15723932	16120367	210	5.19153
chrX	16120367	18415602	1331	3.58052
chrX	18415602	18948195	253	4.81131
chrX	18948195	21376643	1250	3.84234
chrX	21376643	21582238	74	4.91907
chrX	21582238	23123162	1229	3.73403
chrX	23123162	23246637	137	4.60517
chrX	23246637	23265527	12	3.26033
chrX	23265527	25324723	1317	4.93744
chrX	25324723	27147878	1146	3.598
chrX	27147878	27186727	25	4.82891
chrX	27186727	27809471	444	3.32661
chrX	27809471	28329648	302	4.33074
chrX	28329648	28358073	13	3.06933
chrX	28358073	29079133	457	4.27402
chrX	29079133	29097982	10	1.89104
chrX	29097982	29221050	106	3.60524
chrX	29221050	29237483	14	0.640787
chrX	29237483	29384923	91	1.15548
chrX	29384923	30254948	546	4.16641
chrX	30254948	31005603	491	3.52891
chrX	31005603	31731850	505	4.2732
chrX	31731850	31923643	128	1.2465
chrX	31923643	32102891	157	4.25235
chrX	32102891	32151666	36	1.09924
chrX	32151666	32324749	138	3.47759
chrX	32324749	32406446	71	0.61169
chrX	32406446	32417781	11	0.38447
chrX	32417781	32626138	195	0.57229
chrX	32626138	32655044	23	0.795762
chrX	32655044	32676944	11	0.422407
chrX	32676944	32829844	120	0.605696
chrX	32829844	32838395	10	0.384003
chrX	32838395	33019027	149	0.55896
chrX	33019027	33051187	39	0.806064
chrX	33051187	33281241	149	0.547786
chrX	33281241	33310412	28	0.734288
chrX	33310412	39364577	3854	2.72897
chrX	39364577	41560822	1149	3.08266
chrX	41560822	44093399	1426	2.70845
chrX	44093399	44364619	162	3.22452
chrX	44364619	44400104	21	6.27304
chrX	44400104	44528308	58	4.54689
chrX	44528308	47964520	1801	5.50974
chrX	47964520	48355090	160	4.56819
chrX	48355090	48403243	22	7.59037
chrX	48403243	48443499	20	2.88489
chrX	48443499	48487386	20	10.3986
chrX	48487386	48600979	36	15.3179
chrX	48600979	48629529	11	8.77585
chrX	48629529	50675795	938	1.71217
chrX	50675795	51658985	490	0.878196
chrX	51658985	51680491	11	1.35462
chrX	51680491	51844521	57	0.900247
chrX	51844521	52665409	160	1.62627
chrX	52665409	54113898	519	2.7062
chrX	54113898	54699529	227	2.12756
chrX	54699529	54725204	10	1.20174
chrX	54725204	55540564	398	1.72164
chrX	55540564	55948763	206	3.82632
chrX	55948763	56403250	218	1.66197
chrX	56403250	56421417	10	2.92536
chrX	56421417	57254764	498	1.6689
chrX	57254764	57329851	36	2.30775
chrX	57329851	57470898	74	1.42762
chrX	57470898	57517754	19	0.616441
chrX	57517754	58473435	342	1.40294
chrX	58473435	68127058	2762	2.27989
chrX	68127058	68611992	297	3.89114
chrX	68611992	77863702	3887	2.34896
chrX	77863702	77893494	11	1.50331
chrX	77893494	88591283	6394	2.16941
chrX	88591283	88608566	10	1.29071
chrX	88608566	89892519	446	1.90185
chrX	89892519	89903532	12	1.2152
chrX	89903532	92333731	1046	1.98883
chrX	92333731	92337317	11	0.819957
chrX	92337317	104612306	6897	2.2005
chrX	104612306	104667717	30	1.42097
chrX	104667717	105598514	442	2.19807
chrX	105598514	105617214	10	1.4283
chrX	105617214	125539092	11596	2.26209
chrX	125539092	125573295	11	1.53997
chrX	125573295	155233847	17736	2.27185
chrY	2650438	3885607	364	0.704694
chrY	3885607	3946835	12	1.49242
chrY	3946835	9908767	2389	0.653026
chrY	9908767	11605386	47	1.06487
chrY	11605386	27601075	5578	0.593342
chrY	27601075	27706447	32	1.04825
chrY	27706447	28431027	264	0.500239
chrY	28431027	59018260	184	0.762056
