Chromosome	Start	End	Num.Probes	Segment.Mean
chr1	61735	779685	55	2.01499
chr1	779685	3044579	639	2.82063
chr1	3044579	3073371	10	1.96285
chr1	3073371	8055321	3366	2.81471
chr1	8055321	8091422	15	4.11977
chr1	8091422	17008714	4848	2.88253
chr1	17008714	17017304	18	2.09714
chr1	17017304	17217693	53	3.05187
chr1	17217693	17236038	10	1.9764
chr1	17236038	20052439	2047	2.86917
chr1	20052439	20060665	11	4.09783
chr1	20060665	26959224	3995	2.88579
chr1	26959224	27040381	10	1.74526
chr1	27040381	30765417	1823	2.89718
chr1	30765417	30779891	10	2.02266
chr1	30779891	72765894	26680	2.85029
chr1	72765894	72811526	48	1.29594
chr1	72811526	104131263	20306	2.8092
chr1	104131263	104170912	12	1.77998
chr1	104170912	144887606	11061	2.84978
chr1	144887606	146566575	452	3.53
chr1	146566575	147280045	514	2.8548
chr1	147280045	148557481	132	3.38329
chr1	148557481	148627835	10	2.01447
chr1	148627835	149204565	132	2.90619
chr1	149204565	149291187	51	3.73492
chr1	149291187	149696811	45	2.76964
chr1	149696811	152442794	1394	3.51047
chr1	152442794	152571538	116	2.80944
chr1	152571538	152575355	10	4.47712
chr1	152575355	152762896	206	2.85025
chr1	152762896	152767808	11	4.11163
chr1	152767808	153074500	232	2.76083
chr1	153074500	153105602	25	2.17453
chr1	153105602	155656158	1331	2.98869
chr1	155656158	155683210	10	1.72353
chr1	155683210	157147859	720	2.95494
chr1	157147859	158377097	903	2.27486
chr1	158377097	158516040	138	0.656642
chr1	158516040	159488963	718	2.27855
chr1	159488963	161520744	1285	2.85736
chr1	161520744	161618141	21	2.16343
chr1	161618141	161620471	10	1.04383
chr1	161620471	161669820	35	2.12215
chr1	161669820	162173548	442	2.91284
chr1	162173548	162179156	10	1.72625
chr1	162179156	162260818	78	2.98712
chr1	162260818	163075754	683	2.237
chr1	163075754	164055310	679	2.85167
chr1	164055310	164756542	571	2.2405
chr1	164756542	164817121	54	2.85665
chr1	164817121	165480403	678	2.24081
chr1	165480403	166191203	535	2.84632
chr1	166191203	166546584	251	2.22808
chr1	166546584	166553295	10	1.13227
chr1	166553295	167290101	586	2.82625
chr1	167290101	167457945	107	2.10266
chr1	167457945	167976939	388	1.70041
chr1	167976939	168002576	12	1.1967
chr1	168002576	168343068	205	1.69397
chr1	168343068	168982539	581	2.81442
chr1	168982539	169162666	161	2.21595
chr1	169162666	172710338	2467	2.83115
chr1	172710338	173090373	240	2.19699
chr1	173090373	175263184	1202	1.66268
chr1	175263184	175413778	125	2.31111
chr1	175413778	176247453	576	1.63432
chr1	176247453	176512133	138	2.22724
chr1	176512133	183128751	4588	1.64841
chr1	183128751	183146412	10	1.06661
chr1	183146412	188256079	3423	1.64327
chr1	188256079	188294996	11	1.04604
chr1	188294996	193151581	3221	1.54538
chr1	193151581	193162409	20	2.14979
chr1	193162409	199107388	3912	1.5912
chr1	199107388	199114039	13	0.832962
chr1	199114039	210070029	7537	1.67323
chr1	210070029	210098542	10	1.09407
chr1	210098542	232894028	15616	1.63657
chr1	232894028	232910015	10	2.64099
chr1	232910015	240390885	5839	1.61812
chr1	240390885	240397066	10	0.887859
chr1	240397066	243046273	2106	1.62177
chr1	243046273	243082602	56	1.27771
chr1	243082602	249224389	3856	1.62894
chr2	12784	6298226	4762	2.14673
chr2	6298226	6310515	35	1.48119
chr2	6310515	7062239	670	2.15395
chr2	7062239	7374757	324	2.76259
chr2	7374757	7404568	19	1.9975
chr2	7404568	9379092	1474	2.82825
chr2	9379092	9788227	278	2.27915
chr2	9788227	9903750	92	2.84332
chr2	9903750	11072110	885	3.40053
chr2	11072110	12331924	955	2.85563
chr2	12331924	13836676	1063	3.27235
chr2	13836676	14615149	539	2.69948
chr2	14615149	14699804	92	3.3437
chr2	14699804	14718647	33	2.54227
chr2	14718647	15601090	658	3.25738
chr2	15601090	18714210	2367	2.80334
chr2	18714210	18852908	90	2.22184
chr2	18852908	20412245	1189	2.83825
chr2	20412245	20693370	161	2.25816
chr2	20693370	21136468	311	2.85359
chr2	21136468	21687828	355	2.27911
chr2	21687828	21971180	181	2.85529
chr2	21971180	22005424	18	1.98594
chr2	22005424	24598200	1612	2.7724
chr2	24598200	24606968	11	1.79687
chr2	24606968	34709689	6243	2.86018
chr2	34709689	34727315	32	2.12306
chr2	34727315	35967254	887	2.68977
chr2	35967254	35992710	10	1.54245
chr2	35992710	37846600	1474	2.86566
chr2	37846600	37946452	97	2.32021
chr2	37946452	38284588	295	2.92876
chr2	38284588	38626041	275	2.31241
chr2	38626041	38794068	126	2.89542
chr2	38794068	42408322	2773	2.24278
chr2	42408322	42493678	47	3.0097
chr2	42493678	44225271	1119	2.30568
chr2	44225271	44232669	10	1.4031
chr2	44232669	46206469	1508	2.25294
chr2	46206469	46419649	175	1.63713
chr2	46419649	48667319	1488	2.30642
chr2	48667319	49268617	440	2.82516
chr2	49268617	51547588	1680	2.16039
chr2	51547588	52049907	376	2.66208
chr2	52049907	52067286	12	3.94723
chr2	52067286	53208852	837	2.11281
chr2	53208852	53548128	286	1.57002
chr2	53548128	54175601	460	2.2702
chr2	54175601	56064430	1324	2.84772
chr2	56064430	56338523	189	3.49991
chr2	56338523	57844955	1082	2.71746
chr2	57844955	58425438	374	2.16687
chr2	58425438	59328082	554	1.55676
chr2	59328082	59450101	69	2.08192
chr2	59450101	61092411	1195	2.76376
chr2	61092411	65934736	2617	1.64512
chr2	65934736	66498236	512	2.20562
chr2	66498236	66641061	93	2.88635
chr2	66641061	66672383	14	1.94696
chr2	66672383	66732141	35	3.09479
chr2	66732141	67201001	303	2.21849
chr2	67201001	70674373	2451	1.65597
chr2	70674373	70683551	10	1.12698
chr2	70683551	73955475	1826	1.67233
chr2	73955475	74221890	153	2.24636
chr2	74221890	74245292	15	3.10842
chr2	74245292	76145479	1321	2.26288
chr2	76145479	76981084	598	1.53647
chr2	76981084	77140059	96	10.0366
chr2	77140059	77237918	117	7.79822
chr2	77237918	77253202	16	4.53762
chr2	77253202	77263860	10	7.50184
chr2	77263860	77981952	423	4.53272
chr2	77981952	77989720	10	3.07746
chr2	77989720	78397981	290	4.46963
chr2	78397981	78417458	11	2.59675
chr2	78417458	78498266	44	4.22674
chr2	78498266	79177710	397	3.23284
chr2	79177710	79203194	17	4.66085
chr2	79203194	79531467	276	3.39754
chr2	79531467	80912165	1148	4.25106
chr2	80912165	80927618	12	7.28046
chr2	80927618	81400852	224	4.27309
chr2	81400852	82122778	462	3.7104
chr2	82122778	82146720	10	2.63699
chr2	82146720	82472155	208	4.01093
chr2	82472155	83155019	361	5.03148
chr2	83155019	83185069	15	3.42968
chr2	83185069	83424339	127	4.6569
chr2	83424339	84344369	524	5.79271
chr2	84344369	84599268	170	4.5124
chr2	84599268	85419239	460	5.42619
chr2	85419239	85948276	288	4.3361
chr2	85948276	86177363	172	3.51
chr2	86177363	86668440	335	4.14352
chr2	86668440	86855988	81	3.12838
chr2	86855988	87020710	68	4.01809
chr2	87020710	87683130	191	2.73955
chr2	87683130	87847714	37	3.89277
chr2	87847714	87882066	11	2.67715
chr2	87882066	89553898	681	4.15548
chr2	89553898	91844177	242	2.80116
chr2	91844177	98538269	1170	2.34719
chr2	98538269	98561290	11	1.70169
chr2	98561290	98879625	215	2.3754
chr2	98879625	98896737	10	1.60327
chr2	98896737	100916331	1154	2.26615
chr2	100916331	101512232	448	1.64982
chr2	101512232	101764729	179	2.26011
chr2	101764729	104532808	1732	1.64212
chr2	104532808	104762015	150	2.09803
chr2	104762015	104781951	11	1.40857
chr2	104781951	105392064	405	2.16522
chr2	105392064	105615292	117	2.67145
chr2	105615292	105647075	10	1.77045
chr2	105647075	106004801	234	2.57586
chr2	106004801	106158257	151	1.66371
chr2	106158257	106742266	544	2.7464
chr2	106742266	106806521	51	3.7286
chr2	106806521	106877408	48	2.64307
chr2	106877408	106886306	12	1.55739
chr2	106886306	107534733	383	2.7117
chr2	107534733	107861891	262	2.17821
chr2	107861891	108064443	127	2.81283
chr2	108064443	108391055	204	2.0909
chr2	108391055	108414267	16	1.54323
chr2	108414267	113254733	2152	2.27612
chr2	113254733	114056624	650	1.72565
chr2	114056624	114673774	259	2.30538
chr2	114673774	116012638	859	1.57342
chr2	116012638	116048017	21	2.30801
chr2	116048017	120905516	3101	1.6179
chr2	120905516	132882901	7209	2.20616
chr2	132882901	144056218	7394	1.57804
chr2	144056218	144076090	10	1.07325
chr2	144076090	147326894	1869	1.61111
chr2	147326894	147341321	10	1.1103
chr2	147341321	156549946	5648	1.59543
chr2	156549946	156571346	15	1.15762
chr2	156571346	161757273	3146	1.63623
chr2	161757273	161844852	60	2.20665
chr2	161844852	163240117	761	1.60527
chr2	163240117	163260741	11	1.1632
chr2	163260741	195428630	19725	1.60277
chr2	195428630	195517524	50	4.07705
chr2	195517524	196125595	370	3.21895
chr2	196125595	198257849	1277	3.77996
chr2	198257849	198521870	102	2.69496
chr2	198521870	198800720	130	3.58192
chr2	198800720	201391871	1632	4.21371
chr2	201391871	208352833	4238	1.64304
chr2	208352833	208358851	14	1.07722
chr2	208358851	219553644	7291	1.60635
chr2	219553644	220783997	664	2.28951
chr2	220783997	222222200	1047	1.57177
chr2	222222200	222238389	10	2.35184
chr2	222238389	222465729	176	1.5904
chr2	222465729	225125615	1799	2.1844
chr2	225125615	225299770	147	1.64486
chr2	225299770	233788042	5282	2.24203
chr2	233788042	241416692	5240	1.6777
chr2	241416692	242915509	629	2.36075
chr2	242915509	243023770	95	1.79206
chr2	243023770	243037641	22	1.29196
chr2	243037641	243089457	25	1.87806
chr3	60345	29034111	21965	1.63536
chr3	29034111	29061363	21	0.995017
chr3	29061363	43201836	9473	1.65214
chr3	43201836	43214418	10	1.16708
chr3	43214418	64180711	13479	1.66397
chr3	64180711	64192009	10	1.10764
chr3	64192009	87759740	15343	1.60385
chr3	87759740	87807751	16	2.17063
chr3	87807751	100871351	5475	1.58774
chr3	100871351	100889520	10	1.11556
chr3	100889520	107569923	4000	1.59438
chr3	107569923	107696590	93	2.00704
chr3	107696590	107703599	14	1.36778
chr3	107703599	107734630	70	2.1209
chr3	107734630	107747906	14	1.51261
chr3	107747906	112877619	3187	2.21995
chr3	112877619	113093345	144	1.0874
chr3	113093345	116504063	2142	2.22251
chr3	116504063	116558532	66	1.82756
chr3	116558532	130735096	8671	2.2778
chr3	130735096	130754049	10	1.51123
chr3	130754049	133083043	1613	2.197
chr3	133083043	133392320	180	2.91045
chr3	133392320	139484000	3535	2.2764
chr3	139484000	139501730	15	1.64074
chr3	139501730	141912222	1646	2.25332
chr3	141912222	141963034	30	3.04546
chr3	141963034	145117753	2042	2.24495
chr3	145117753	145134242	11	3.10219
chr3	145134242	145680554	404	2.17062
chr3	145680554	145798495	71	2.89535
chr3	145798495	147741658	1110	2.19409
chr3	147741658	156270473	5389	2.82585
chr3	156270473	156286639	10	2.01406
chr3	156286639	162526744	3873	2.8235
chr3	162526744	162545972	11	1.48701
chr3	162545972	175471154	8059	2.79301
chr3	175471154	176078321	381	3.89952
chr3	176078321	176158273	44	1.4036
chr3	176158273	176697061	359	3.9683
chr3	176697061	176708718	11	2.59098
chr3	176708718	177997046	762	4.02114
chr3	177997046	179566950	1051	1.63456
chr3	179566950	179601410	26	1.29748
chr3	179601410	179989320	240	1.6482
chr3	179989320	180017334	10	1.12946
chr3	180017334	195334520	10006	1.64133
chr3	195334520	195425950	11	2.38913
chr3	195425950	197896119	1224	1.7195
chr4	12281	67770	63	1.60852
chr4	67770	9459103	5301	2.27518
chr4	9459103	9482716	10	1.56086
chr4	9482716	10391534	766	2.20826
chr4	10391534	10400333	14	1.53194
chr4	10400333	32386220	15636	2.15336
chr4	32386220	32407840	12	1.38487
chr4	32407840	49083718	10451	2.19099
chr4	49083718	49165852	14	3.71248
chr4	49165852	51172155	33	2.09846
chr4	51172155	55563531	2015	3.16024
chr4	55563531	55575498	34	2.3144
chr4	55575498	57937032	1460	3.0561
chr4	57937032	58139657	148	3.63498
chr4	58139657	59675838	1069	2.96615
chr4	59675838	59701227	18	3.9566
chr4	59701227	65154568	3160	2.92427
chr4	65154568	65186518	12	4.12686
chr4	65186518	66588543	1010	2.93288
chr4	66588543	69249752	1667	2.14429
chr4	69249752	69291470	12	1.45398
chr4	69291470	70383903	580	2.12592
chr4	70383903	70392157	10	1.27386
chr4	70392157	74557916	2479	2.17011
chr4	74557916	74559415	10	1.56875
chr4	74559415	76039807	906	2.17212
chr4	76039807	76064019	10	1.42045
chr4	76064019	108066835	19664	2.21359
chr4	108066835	108071758	10	1.29978
chr4	108071758	114407471	3944	2.19434
chr4	114407471	114491710	61	1.66596
chr4	114491710	115179514	483	2.16887
chr4	115179514	115184288	10	1.40928
chr4	115184288	116173160	623	2.10709
chr4	116173160	116175898	12	1.52093
chr4	116175898	130501625	8521	2.17034
chr4	130501625	130503935	10	1.50786
chr4	130503935	144720023	8731	2.14269
chr4	144720023	144740819	12	1.35888
chr4	144740819	151455514	3824	2.16861
chr4	151455514	151471726	10	1.52979
chr4	151471726	161880132	6638	2.17137
chr4	161880132	161885144	26	1.56162
chr4	161885144	167125680	3460	2.14428
chr4	167125680	167145571	10	1.5388
chr4	167145571	173423734	3963	2.17395
chr4	173423734	173455336	10	1.44003
chr4	173455336	191027924	12047	2.15724
chr5	15532	2783586	1790	2.2145
chr5	2783586	2789817	10	1.38689
chr5	2789817	12808334	8553	2.16341
chr5	12808334	12843867	14	0.843366
chr5	12843867	16093200	2233	2.22347
chr5	16093200	16112165	11	3.19744
chr5	16112165	19554256	2263	2.20003
chr5	19554256	19571300	11	1.49015
chr5	19571300	20623623	638	2.09694
chr5	20623623	20650681	20	1.34068
chr5	20650681	21134075	218	2.46051
chr5	21134075	21150977	15	1.72277
chr5	21150977	21231745	52	2.62284
chr5	21231745	21244995	14	1.74555
chr5	21244995	21570237	166	2.57443
chr5	21570237	21669089	76	4.70468
chr5	21669089	22660556	530	3.19767
chr5	22660556	23879950	780	2.66115
chr5	23879950	23957232	19	3.79611
chr5	23957232	24560217	358	2.70113
chr5	24560217	24577410	14	1.63285
chr5	24577410	25812234	762	2.72306
chr5	25812234	25839423	10	1.70244
chr5	25839423	26009238	125	2.74466
chr5	26009238	26027115	10	4.90252
chr5	26027115	36897170	7192	2.79539
chr5	36897170	40783410	2578	6.08376
chr5	40783410	40799813	10	3.92149
chr5	40799813	41169915	273	5.63778
chr5	41169915	41186535	12	3.85762
chr5	41186535	41597276	283	5.60425
chr5	41597276	45276625	1794	3.55999
chr5	45276625	45474380	71	2.78929
chr5	45474380	57323836	5397	2.24371
chr5	57323836	57335945	32	1.3444
chr5	57335945	61608301	2878	2.26418
chr5	61608301	61622255	12	3.32689
chr5	61622255	75471639	7710	2.25921
chr5	75471639	75474869	10	1.51016
chr5	75474869	95390879	11533	2.23397
chr5	95390879	95406163	10	1.58065
chr5	95406163	103867119	5010	2.20548
chr5	103867119	103873427	10	1.47774
chr5	103873427	106721024	1765	2.14926
chr5	106721024	106736718	13	1.58799
chr5	106736718	118995982	8782	2.21066
chr5	118995982	119011236	11	1.55856
chr5	119011236	175672707	37569	2.25173
chr5	175672707	180379545	2519	1.71239
chr5	180379545	180425664	17	2.68192
chr5	180425664	180790321	173	1.67658
chr6	149661	4320890	3485	2.26916
chr6	4320890	4338876	10	3.5663
chr6	4338876	7048818	2413	2.28761
chr6	7048818	7183248	81	1.69651
chr6	7183248	29844203	16074	2.24844
chr6	29844203	29861008	11	1.58301
chr6	29861008	32451162	1232	2.3352
chr6	32451162	32570205	33	1.35201
chr6	32570205	43038850	6824	2.31377
chr6	43038850	49866097	4293	2.85623
chr6	49866097	53925136	2844	2.21188
chr6	53925136	53933601	10	1.52599
chr6	53933601	56946539	1869	2.21842
chr6	56946539	56974055	10	1.41584
chr6	56974055	58742636	744	2.24225
chr6	58742636	61965741	10	3.68627
chr6	61965741	62240699	93	2.23042
chr6	62240699	62241843	12	3.27288
chr6	62241843	62833355	369	5.18069
chr6	62833355	63857760	535	4.49969
chr6	63857760	63871229	12	6.10168
chr6	63871229	64028605	88	4.08261
chr6	64028605	64066106	18	6.11481
chr6	64066106	64454236	186	4.48875
chr6	64454236	64505612	16	2.28426
chr6	64505612	64645993	81	4.65785
chr6	64645993	75500711	7240	2.17432
chr6	75500711	75566129	54	2.85786
chr6	75566129	81275864	3707	2.19798
chr6	81275864	81284677	10	1.47974
chr6	81284677	82831323	1105	2.26876
chr6	82831323	93575104	6796	1.61213
chr6	93575104	93580776	31	2.41042
chr6	93580776	95511050	1335	1.52545
chr6	95511050	95524491	10	2.12139
chr6	95524491	97176664	917	1.52575
chr6	97176664	97208847	19	1.17285
chr6	97208847	103738007	4007	1.55927
chr6	103738007	103765720	48	0.787051
chr6	103765720	104903244	742	1.55627
chr6	104903244	104946641	31	0.96054
chr6	104946641	109766753	3093	1.64295
chr6	109766753	109789755	10	2.26873
chr6	109789755	115321764	3528	1.6313
chr6	115321764	115347897	10	1.09055
chr6	115347897	118625852	1921	1.59358
chr6	118625852	118641121	10	1.11075
chr6	118641121	128064795	5727	1.5914
chr6	128064795	135490470	5094	2.23901
chr6	135490470	135507181	19	1.70989
chr6	135507181	141367547	3850	2.27396
chr6	141367547	141386897	10	1.54707
chr6	141386897	152064913	7143	2.25114
chr6	152064913	152420140	346	1.64169
chr6	152420140	155166916	2009	2.26394
chr6	155166916	155199178	19	3.06631
chr6	155199178	171051006	11266	2.23096
chr7	43259	21302500	15379	2.21599
chr7	21302500	21314750	10	1.55438
chr7	21314750	27763008	4787	2.26305
chr7	27763008	27779085	10	3.17517
chr7	27779085	61937650	21053	2.24625
chr7	61937650	70276860	4117	1.64029
chr7	70276860	70546251	185	2.17712
chr7	70546251	73903005	1574	1.65472
chr7	73903005	73976039	28	1.05756
chr7	73976039	76277869	563	1.72156
chr7	76277869	76532937	203	2.02222
chr7	76532937	122246554	28042	1.61068
chr7	122246554	122261702	10	1.07174
chr7	122261702	124788310	1555	1.56944
chr7	124788310	124799777	10	1.10532
chr7	124799777	134344542	6051	1.63648
chr7	134344542	138802938	2984	2.26112
chr7	138802938	138817085	10	3.27615
chr7	138817085	142475829	2323	2.30738
chr7	142475829	142486080	27	1.38653
chr7	142486080	146507113	2423	2.18856
chr7	146507113	146702154	126	1.56217
chr7	146702154	146758670	45	2.27035
chr7	146758670	146884491	73	0.431129
chr7	146884491	146908908	15	0.610908
chr7	146908908	147011537	83	0.37972
chr7	147011537	147071038	58	0.462993
chr7	147071038	147389238	263	0.95584
chr7	147389238	158112497	6970	2.2659
chr7	158112497	158134164	12	1.56553
chr7	158134164	159049100	572	2.32597
chr7	159049100	159117627	62	1.84725
chr7	159117627	159127005	13	1.3072
chr8	31254	593992	338	1.64216
chr8	593992	598475	12	0.777834
chr8	598475	1363747	570	1.62713
chr8	1363747	1368826	11	2.24732
chr8	1368826	3997583	2926	1.57481
chr8	3997583	4002670	10	0.956473
chr8	4002670	4165878	366	1.50543
chr8	4165878	4167286	13	1.03909
chr8	4167286	7244199	3761	1.56973
chr8	7244199	7804640	149	1.07492
chr8	7804640	11968638	3355	1.64407
chr8	11968638	12172031	10	0.891308
chr8	12172031	12254206	47	2.14657
chr8	12254206	14505995	2041	1.53552
chr8	14505995	14509800	14	1.12629
chr8	14509800	18256306	3412	1.56126
chr8	18256306	18272040	18	1.17609
chr8	18272040	23398507	3996	1.66224
chr8	23398507	23407888	10	2.38432
chr8	23407888	24947115	1134	1.63238
chr8	24947115	24969585	11	1.18173
chr8	24969585	32430916	5355	1.61898
chr8	32430916	32445633	10	1.08102
chr8	32445633	39698392	4066	1.61172
chr8	39698392	47546722	2622	2.24327
chr8	47546722	47574272	26	2.88083
chr8	47574272	57469932	6005	2.19857
chr8	57469932	61971665	3080	2.74792
chr8	61971665	62006173	29	2.0554
chr8	62006173	62070904	43	2.77639
chr8	62070904	65118720	1936	2.13353
chr8	65118720	65128498	10	1.39592
chr8	65128498	83877693	11382	2.19172
chr8	83877693	83903153	10	1.45971
chr8	83903153	96223156	7085	2.14679
chr8	96223156	96243275	16	2.9888
chr8	96243275	144302018	32496	2.22905
chr8	144302018	144310609	10	1.52755
chr8	144310609	144699045	123	2.41565
chr8	144699045	144713398	10	1.33575
chr8	144713398	146283164	503	2.35528
chr8	146283164	146298156	10	1.63591
chr9	46587	4127965	4300	2.21978
chr9	4127965	4336853	257	2.92517
chr9	4336853	11790763	6718	2.15744
chr9	11790763	11801186	13	3.10362
chr9	11801186	16225571	3602	2.20473
chr9	16225571	23362460	5835	1.63859
chr9	23362460	23380082	10	0.573872
chr9	23380082	24503970	803	1.58179
chr9	24503970	24518683	19	0.544805
chr9	24518683	32291280	5877	1.5852
chr9	32291280	32444519	107	2.24242
chr9	32444519	33063991	477	1.65042
chr9	33063991	33083073	11	2.39026
chr9	33083073	44755211	3887	1.65788
chr9	44755211	45714739	81	2.02967
chr9	45714739	56417073	48	1.38252
chr9	56417073	70942212	290	1.94022
chr9	70942212	116312315	32781	2.19541
chr9	116312315	116435189	75	2.87939
chr9	116435189	136447528	13635	2.22105
chr9	136447528	141091395	2217	2.84805
chr10	72759	486476	228	1.65211
chr10	486476	516895	21	2.26408
chr10	516895	1749604	928	1.66282
chr10	1749604	2342400	584	2.15635
chr10	2342400	2399931	59	1.5266
chr10	2399931	2584432	157	2.11077
chr10	2584432	4526990	1974	1.64995
chr10	4526990	4542232	16	2.40845
chr10	4542232	4608490	55	1.52381
chr10	4608490	4628930	24	2.32182
chr10	4628930	4696148	63	1.62861
chr10	4696148	4848340	141	2.1801
chr10	4848340	7014515	1919	1.68692
chr10	7014515	7124565	138	2.20137
chr10	7124565	7367439	195	1.6333
chr10	7367439	7542498	158	2.23285
chr10	7542498	7653519	99	1.69525
chr10	7653519	7954260	227	2.21482
chr10	7954260	8202503	178	1.68127
chr10	8202503	8243484	43	2.25767
chr10	8243484	8277897	30	1.52131
chr10	8277897	8938103	620	2.16268
chr10	8938103	9357531	354	1.52709
chr10	9357531	9509889	126	2.15108
chr10	9509889	9593693	59	1.52162
chr10	9593693	10172415	393	2.14738
chr10	10172415	13225002	2502	1.65222
chr10	13225002	13327259	92	2.16301
chr10	13327259	13571251	169	1.62196
chr10	13571251	13937010	381	2.13473
chr10	13937010	16237102	1891	1.65054
chr10	16237102	16328980	67	2.27272
chr10	16328980	16558549	177	1.67371
chr10	16558549	17386949	738	2.26002
chr10	17386949	19101743	1064	1.61533
chr10	19101743	19115140	10	0.94471
chr10	19115140	24003627	3342	1.61022
chr10	24003627	24240222	193	2.19848
chr10	24240222	25116241	641	1.63882
chr10	25116241	25284395	106	2.2616
chr10	25284395	40754880	9446	1.65147
chr10	40754880	42683697	36	1.1383
chr10	42683697	42762073	14	1.7449
chr10	42762073	44844606	1442	1.08988
chr10	44844606	44850502	10	0.730292
chr10	44850502	46241685	926	1.06353
chr10	46241685	47067854	133	1.35689
chr10	47067854	48706604	566	1.09494
chr10	48706604	49031213	15	0.68609
chr10	49031213	55440379	4245	1.02801
chr10	55440379	55454353	12	0.632959
chr10	55454353	56678897	936	0.960001
chr10	56678897	56695651	10	1.4587
chr10	56695651	58388847	1125	0.982119
chr10	58388847	58417029	10	1.46899
chr10	58417029	59230169	692	0.983679
chr10	59230169	67309004	5638	1.66435
chr10	67309004	67318620	15	2.87221
chr10	67318620	73237870	4163	1.69628
chr10	73237870	73250166	11	1.21639
chr10	73250166	81383884	5196	1.73544
chr10	81383884	81449367	10	1.05366
chr10	81449367	84382049	1995	1.66852
chr10	84382049	85042848	546	2.17662
chr10	85042848	86628111	1205	1.6531
chr10	86628111	86892052	181	2.17308
chr10	86892052	88957450	1352	2.82664
chr10	88957450	89053879	12	1.66282
chr10	89053879	95465619	4330	2.83575
chr10	95465619	96865210	780	2.24921
chr10	96865210	96879295	20	1.5252
chr10	96879295	102349081	3575	2.26857
chr10	102349081	102364681	11	1.21237
chr10	102364681	107056658	2666	2.31252
chr10	107056658	120917084	9963	1.66034
chr10	120917084	120946579	10	2.37175
chr10	120946579	128267832	5696	1.68473
chr10	128267832	128367494	92	2.42369
chr10	128367494	130245877	1391	1.67142
chr10	130245877	130323955	93	2.21232
chr10	130323955	131072830	641	1.61609
chr10	131072830	131872309	625	2.23055
chr10	131872309	131898446	11	1.35134
chr10	131898446	132316206	345	2.19524
chr10	132316206	132755043	458	1.64799
chr10	132755043	132970545	155	2.21418
chr10	132970545	133598010	472	1.68756
chr10	133598010	133855220	158	2.30725
chr10	133855220	133858353	11	1.52112
chr10	133858353	135506705	742	2.37484
chr11	198510	447789	104	1.79522
chr11	447789	487769	17	2.84922
chr11	487769	1549174	331	1.82608
chr11	1549174	1928625	178	4.06963
chr11	1928625	1964235	10	1.78781
chr11	1964235	2775778	377	3.96057
chr11	2775778	2785466	11	2.78882
chr11	2785466	4420230	885	4.00036
chr11	4420230	4467357	47	3.16903
chr11	4467357	5532211	1178	3.99909
chr11	5532211	5783802	232	1.62524
chr11	5783802	5809238	34	2.46436
chr11	5809238	7811359	1535	1.6426
chr11	7811359	7841690	10	0.90147
chr11	7841690	24284374	12431	1.63566
chr11	24284374	24306351	10	1.01388
chr11	24306351	36001727	8354	1.59474
chr11	36001727	36386614	346	2.31033
chr11	36386614	39702197	2090	1.57079
chr11	39702197	39722669	14	2.20279
chr11	39722669	40406889	514	1.54115
chr11	40406889	40417265	10	2.30723
chr11	40417265	41030045	432	1.52588
chr11	41030045	41051794	16	1.09243
chr11	41051794	45065385	3002	1.61327
chr11	45065385	45814212	495	2.19061
chr11	45814212	46078427	127	2.98461
chr11	46078427	46359227	135	2.31862
chr11	46359227	46472268	42	4.288
chr11	46472268	68961933	9299	1.68265
chr11	68961933	69050638	58	2.4123
chr11	69050638	77114383	4398	1.70662
chr11	77114383	77196664	42	2.31578
chr11	77196664	86068563	6325	1.58387
chr11	86068563	86428548	290	1.07206
chr11	86428548	88086992	1187	1.60898
chr11	88086992	88682766	438	2.17849
chr11	88682766	91762297	1832	1.5494
chr11	91762297	91774623	17	2.28218
chr11	91774623	99824444	5917	1.59142
chr11	99824444	99844652	25	1.21532
chr11	99844652	110524802	7362	1.60208
chr11	110524802	110537558	10	3.59694
chr11	110537558	110715284	154	1.63873
chr11	110715284	110728684	10	1.06214
chr11	110728684	123515674	9189	1.6647
chr11	123515674	123523884	10	1.13172
chr11	123523884	126687633	2333	1.6556
chr11	126687633	126691633	10	1.07164
chr11	126691633	132621019	4687	1.60573
chr11	132621019	132640421	11	1.13563
chr11	132640421	134926850	1757	1.58722
chr11	134926850	134944771	14	1.14245
chr12	150442	8557590	5704	2.30606
chr12	8557590	8580885	19	1.54635
chr12	8580885	9635889	582	2.26584
chr12	9635889	9729964	24	1.61922
chr12	9729964	10801763	779	2.25243
chr12	10801763	11180216	257	5.09306
chr12	11180216	11902136	524	4.43535
chr12	11902136	27512063	10924	2.21701
chr12	27512063	27721019	194	2.9266
chr12	27721019	28268154	422	2.19531
chr12	28268154	28295261	11	1.27549
chr12	28295261	29629482	953	2.21467
chr12	29629482	29699042	79	1.6195
chr12	29699042	33386293	2791	2.25501
chr12	33386293	33399789	10	1.34053
chr12	33399789	34200484	512	2.13701
chr12	34200484	34223665	11	1.53013
chr12	34223665	56481097	11264	2.24339
chr12	56481097	56657772	126	3.00955
chr12	56657772	58262316	750	2.33705
chr12	58262316	59221977	734	2.77537
chr12	59221977	59222698	12	1.87839
chr12	59222698	61292891	1288	2.76007
chr12	61292891	69224274	5255	2.26233
chr12	69224274	69288967	60	3.16388
chr12	69288967	74767047	3448	2.2117
chr12	74767047	74778290	10	1.24035
chr12	74778290	85858112	7175	2.16352
chr12	85858112	85880740	11	1.50343
chr12	85880740	91368950	3241	2.17364
chr12	91368950	91699319	211	2.81747
chr12	91699319	97098021	3789	2.26999
chr12	97098021	98366069	1046	2.70353
chr12	98366069	99082227	449	2.2725
chr12	99082227	101896469	1750	1.61446
chr12	101896469	101918502	12	2.3354
chr12	101918502	125071676	15040	1.68918
chr12	125071676	125203809	109	2.37605
chr12	125203809	133379763	6443	1.64585
chr12	133379763	133778190	192	2.27224
chr13	19026949	34824306	11593	1.6522
chr13	34824306	34840984	10	2.29233
chr13	34840984	37804713	2000	1.60639
chr13	37804713	37831248	12	1.16194
chr13	37831248	42721399	3471	1.62032
chr13	42721399	42741553	10	1.08201
chr13	42741553	43804288	865	1.66377
chr13	43804288	48917556	3500	1.0482
chr13	48917556	48955647	69	0.519984
chr13	48955647	48984636	21	0.81038
chr13	48984636	48986465	11	0.380457
chr13	48986465	49056641	69	0.540178
chr13	49056641	51358751	1354	1.06183
chr13	51358751	60073789	5021	1.57438
chr13	60073789	60085626	10	0.801586
chr13	60085626	67752396	4710	1.55509
chr13	67752396	67772655	10	1.10756
chr13	67772655	75720242	5365	1.55252
chr13	75720242	76074721	293	1.0291
chr13	76074721	89675184	8596	1.55129
chr13	89675184	89694310	10	1.12514
chr13	89694310	109913720	15014	1.5693
chr13	109913720	109928030	10	1.12393
chr13	109928030	115108398	3306	1.65544
chr14	19002124	20127053	77	1.88948
chr14	20127053	35770577	10251	2.24216
chr14	35770577	41083756	3309	2.78932
chr14	41083756	53805699	7876	2.26695
chr14	53805699	53829283	61	3.01296
chr14	53829283	60961354	4836	2.32031
chr14	60961354	61338238	169	2.86534
chr14	61338238	68445086	4464	2.30758
chr14	68445086	69168273	520	1.73364
chr14	69168273	82486979	8887	2.35155
chr14	82486979	82513583	17	1.65847
chr14	82513583	101427252	13231	2.30299
chr14	101427252	106530525	2213	2.96285
chr14	106530525	106571790	18	1.35788
chr14	106571790	106738635	76	2.93329
chr14	106738635	106808998	32	2.23296
chr14	106808998	107285438	311	2.92284
chr15	20016328	23855028	934	2.76668
chr15	23855028	27919880	2983	2.16028
chr15	27919880	27928300	12	1.35342
chr15	27928300	50574956	13891	2.24236
chr15	50574956	51084333	238	2.91203
chr15	51084333	51185612	47	4.22369
chr15	51185612	55768327	3213	2.78758
chr15	55768327	55858493	48	2.17537
chr15	55858493	56790957	565	2.92661
chr15	56790957	56791865	10	1.49773
chr15	56791865	57257582	215	2.82411
chr15	57257582	57562609	151	2.20129
chr15	57562609	57836457	254	2.86049
chr15	57836457	57892668	61	2.23323
chr15	57892668	57971818	73	2.96216
chr15	57971818	58712832	635	2.30149
chr15	58712832	58812488	105	2.96492
chr15	58812488	58841351	29	2.20869
chr15	58841351	58864829	29	3.03296
chr15	58864829	58935608	46	2.23561
chr15	58935608	59078663	61	2.94464
chr15	59078663	60655163	1110	2.29636
chr15	60655163	61250604	486	1.6168
chr15	61250604	64630004	2525	2.26427
chr15	64630004	64661753	18	1.68812
chr15	64661753	67245470	1441	2.32455
chr15	67245470	67493601	231	2.97787
chr15	67493601	69301667	1133	2.38801
chr15	69301667	69322623	10	3.37378
chr15	69322623	69884588	347	2.30381
chr15	69884588	73819479	2430	2.88922
chr15	73819479	74609302	559	2.3554
chr15	74609302	74769860	69	3.10544
chr15	74769860	76763019	844	2.34039
chr15	76763019	76902186	83	2.92454
chr15	76902186	77118719	105	2.20435
chr15	77118719	77265812	61	3.09203
chr15	77265812	77712881	194	2.35081
chr15	77712881	77872619	94	2.9501
chr15	77872619	78110665	118	2.12388
chr15	78110665	78588252	287	2.85008
chr15	78588252	80013078	1062	2.27432
chr15	80013078	80155267	134	2.96388
chr15	80155267	80488555	191	2.32072
chr15	80488555	80509972	21	3.18856
chr15	80509972	80541101	27	2.11148
chr15	80541101	80759183	166	2.77142
chr15	80759183	80907294	103	2.21592
chr15	80907294	81087071	137	2.91469
chr15	81087071	82193707	731	2.29126
chr15	82193707	82217250	10	3.19969
chr15	82217250	102469041	14488	2.23135
chr16	60777	12468985	9401	1.65018
chr16	12468985	12695429	269	1.1098
chr16	12695429	12701675	11	1.59399
chr16	12701675	13228828	465	1.06331
chr16	13228828	19947045	3608	1.64236
chr16	19947045	19966618	24	2.72315
chr16	19966618	30646984	6048	1.66163
chr16	30646984	30687759	14	1.22811
chr16	30687759	33666489	826	1.6994
chr16	33666489	33832036	20	1.28884
chr16	33832036	53299401	4906	2.21149
chr16	53299401	53316742	10	1.43912
chr16	53316742	53440776	87	2.21378
chr16	53440776	53469868	11	1.53464
chr16	53469868	57551289	3130	2.28664
chr16	57551289	57578381	13	3.20226
chr16	57578381	64056109	4219	2.18537
chr16	64056109	64097199	43	1.54511
chr16	64097199	70848239	3834	2.29547
chr16	70848239	71191673	221	2.93178
chr16	71191673	76464942	3469	2.25428
chr16	76464942	78372024	1849	2.82923
chr16	78372024	78384883	17	1.53385
chr16	78384883	85317774	7546	2.84084
chr16	85317774	85509223	124	3.643
chr16	85509223	89835903	2971	2.90978
chr16	89835903	90287536	191	2.23891
chr17	526	15403481	10167	1.67341
chr17	15403481	15690551	97	2.34449
chr17	15690551	15726308	10	1.60896
chr17	15726308	22209227	2987	2.31597
chr17	22209227	29285154	1881	1.70609
chr17	29285154	29639071	147	1.08549
chr17	29639071	30027255	197	2.25983
chr17	30027255	30464881	212	2.85299
chr17	30464881	30498103	16	2.01312
chr17	30498103	30567217	47	3.05337
chr17	30567217	31138473	318	2.4046
chr17	31138473	31279999	80	3.05599
chr17	31279999	36675906	3722	2.27197
chr17	36675906	38168245	740	2.99404
chr17	38168245	53218411	8534	2.32055
chr17	53218411	53231225	10	1.1522
chr17	53231225	68657575	9397	2.3211
chr17	68657575	68667118	12	1.52184
chr17	68667118	77236479	5596	2.35061
chr17	77236479	77242371	10	1.35905
chr17	77242371	80623050	1559	2.38716
chr17	80623050	80648360	18	1.79834
chr17	80648360	81049727	220	2.42704
chr18	11543	282085	88	3.02301
chr18	282085	1262878	797	3.60588
chr18	1262878	1291581	11	2.49907
chr18	1291581	2773568	1092	3.82551
chr18	2773568	13114521	7531	2.94664
chr18	13114521	15143759	1052	2.18219
chr18	15143759	21332381	1490	1.70376
chr18	21332381	21480565	83	2.38358
chr18	21480565	21840530	234	1.57427
chr18	21840530	22046244	145	2.72943
chr18	22046244	22607199	486	2.08246
chr18	22607199	23696520	692	0.999698
chr18	23696520	40477919	10985	1.64673
chr18	40477919	40513386	27	1.29124
chr18	40513386	48573223	5613	1.70895
chr18	48573223	48580711	10	1.17668
chr18	48580711	63996179	10826	1.66471
chr18	63996179	64026052	19	1.20186
chr18	64026052	70518526	4787	1.60865
chr18	70518526	70523125	10	2.47042
chr18	70523125	78015058	5535	1.67986
chr19	90910	16850476	7420	1.73539
chr19	16850476	16890517	19	2.45948
chr19	16890517	17538653	300	1.79623
chr19	17538653	17562211	10	1.16875
chr19	17562211	21620378	2002	1.70957
chr19	21620378	21646323	16	1.15527
chr19	21646323	23012975	822	1.65104
chr19	23012975	26172371	894	2.15715
chr19	26172371	27851249	14	34.7365
chr19	27851249	27962760	10	20.7593
chr19	27962760	28069044	16	36.4894
chr19	28069044	28151947	22	16.6381
chr19	28151947	28304639	51	27.6722
chr19	28304639	28349613	40	16.3649
chr19	28349613	28424444	53	24.8798
chr19	28424444	28450478	22	17.3494
chr19	28450478	28462540	10	35.5652
chr19	28462540	28532557	73	22.9882
chr19	28532557	28553421	13	13.2195
chr19	28553421	28753797	182	22.8128
chr19	28753797	28781463	19	35.6467
chr19	28781463	28841228	46	20.7425
chr19	28841228	28851254	10	36.3462
chr19	28851254	28865095	11	12.287
chr19	28865095	28889046	14	29.1473
chr19	28889046	28895096	17	12.5079
chr19	28895096	29214804	221	23.3966
chr19	29214804	29239770	10	14.0421
chr19	29239770	29291148	33	27.7057
chr19	29291148	29404399	123	18.836
chr19	29404399	29454366	38	28.6917
chr19	29454366	29757999	253	20.9125
chr19	29757999	29762562	10	12.4749
chr19	29762562	29771492	10	29.8914
chr19	29771492	29973961	178	19.8077
chr19	29973961	29980995	10	10.7863
chr19	29980995	30024745	37	21.4744
chr19	30024745	30036377	10	11.7872
chr19	30036377	30118674	63	23.4773
chr19	30118674	30173945	21	17.1251
chr19	30173945	30193482	10	27.3086
chr19	30193482	30214011	19	16.5457
chr19	30214011	30232221	22	24.46
chr19	30232221	30278263	29	16.5936
chr19	30278263	30297571	11	9.9172
chr19	30297571	30305231	11	31.6408
chr19	30305231	30307106	10	14.1426
chr19	30307106	30308481	12	28.9028
chr19	30308481	30321375	11	12.3538
chr19	30321375	30359064	27	25.3713
chr19	30359064	30431235	45	17.1475
chr19	30431235	30553975	75	22.8945
chr19	30553975	30623288	52	15.6002
chr19	30623288	30723240	59	11.4289
chr19	30723240	30745961	17	7.86269
chr19	30745961	31162706	321	14.928
chr19	31162706	31180145	14	9.64016
chr19	31180145	31661650	347	13.4131
chr19	31661650	31675352	13	8.63852
chr19	31675352	31783358	76	14.2135
chr19	31783358	31804461	19	8.23512
chr19	31804461	32010950	164	13.3504
chr19	32010950	32019721	10	21.6959
chr19	32019721	32055490	40	10.3229
chr19	32055490	32342439	216	15.4159
chr19	32342439	32363844	18	28.1653
chr19	32363844	32505631	121	18.038
chr19	32505631	34038798	970	1.68076
chr19	34038798	34134227	78	4.05182
chr19	34134227	38276888	2387	1.68351
chr19	38276888	38304334	18	6.28082
chr19	38304334	50454917	6109	1.7323
chr19	50454917	50570948	90	2.35737
chr19	50570948	59097855	5354	1.72448
chr20	61305	860242	634	1.10269
chr20	860242	15832290	11683	1.61638
chr20	15832290	15855234	11	0.99114
chr20	15855234	22398047	5306	1.62632
chr20	22398047	25195870	2231	2.19644
chr20	25195870	29544927	508	1.67975
chr20	29544927	29922345	85	2.37372
chr20	29922345	32297107	1216	1.71218
chr20	32297107	32535834	130	2.37574
chr20	32535834	37143063	2428	1.69343
chr20	37143063	45793470	6327	2.25364
chr20	45793470	46510574	434	2.82911
chr20	46510574	46975898	451	2.22403
chr20	46975898	47672291	467	2.96277
chr20	47672291	53430153	4248	2.25513
chr20	53430153	53785119	322	1.52666
chr20	53785119	53819193	29	2.27005
chr20	53819193	53919450	71	1.6023
chr20	53919450	54119750	140	2.15725
chr20	54119750	54229154	109	1.50724
chr20	54229154	54383607	163	2.1366
chr20	54383607	54449280	41	1.52191
chr20	54449280	54456824	10	2.67811
chr20	54456824	54526527	63	1.5878
chr20	54526527	54596325	45	2.08686
chr20	54596325	55440887	667	1.63088
chr20	55440887	55451282	10	1.1478
chr20	55451282	58445757	2381	1.65138
chr20	58445757	58782769	287	2.8783
chr20	58782769	60931728	1772	1.64476
chr20	60931728	62204569	472	2.25634
chr20	62204569	62956154	326	1.72083
chr21	10736871	15072654	397	1.59303
chr21	15072654	15081363	12	2.23271
chr21	15081363	39799594	18206	1.59836
chr21	39799594	39805894	10	2.36695
chr21	39805894	47825481	5919	1.68833
chr21	47825481	47951731	73	2.30104
chr21	47951731	48096958	148	1.68929
chr22	16052528	16660021	94	2.02993
chr22	16660021	21812525	2835	1.71108
chr22	21812525	21841298	19	1.27099
chr22	21841298	22749785	748	1.67937
chr22	22749785	22755100	14	1.22337
chr22	22755100	24313750	969	1.71317
chr22	24313750	24337628	13	2.3456
chr22	24337628	24369393	10	1.08313
chr22	24369393	24399171	11	0.632899
chr22	24399171	34172255	7357	1.69573
chr22	34172255	34178203	10	1.0873
chr22	34178203	51234456	11845	1.70343
chrMT	408	16149	107	2.26257
chrX	168477	2692942	436	1.09218
chrX	2692942	32312353	20163	1.52539
chrX	32312353	32661570	314	1.19691
chrX	32661570	32702467	32	0.582788
chrX	32702467	32799131	75	1.15753
chrX	32799131	33160992	301	0.564646
chrX	33160992	33559416	258	1.15198
chrX	33559416	44703945	6593	1.54688
chrX	44703945	44990935	117	0.555409
chrX	44990935	49432216	2146	1.62049
chrX	49432216	49896815	219	2.61491
chrX	49896815	49923000	10	1.56067
chrX	49923000	55737336	2386	2.62871
chrX	55737336	66672733	3397	3.57935
chrX	66672733	66750843	21	2.57006
chrX	66750843	71130843	2080	3.67631
chrX	71130843	75935209	2134	2.56324
chrX	75935209	76024684	49	0.713649
chrX	76024684	76039210	11	3.83631
chrX	76039210	76128849	68	0.658638
chrX	76128849	76136887	12	1.27485
chrX	76136887	76137669	11	0.380428
chrX	76137669	76231958	80	0.629727
chrX	76231958	76296911	19	1.10653
chrX	76296911	76722657	64	2.49088
chrX	76722657	76856822	11	0.867205
chrX	76856822	81091472	2165	3.62091
chrX	81091472	81135118	18	0.761983
chrX	81135118	81196359	31	0.467605
chrX	81196359	81245064	19	0.799544
chrX	81245064	81411865	118	0.568151
chrX	81411865	81447941	18	0.8362
chrX	81447941	81468605	11	0.45875
chrX	81468605	81509912	10	0.988621
chrX	81509912	82967773	719	0.581128
chrX	82967773	83055732	39	0.834313
chrX	83055732	83457370	201	0.630702
chrX	83457370	83494387	16	0.404771
chrX	83494387	85325165	1176	0.623321
chrX	85325165	85327381	14	0.386011
chrX	85327381	85501106	121	0.622742
chrX	85501106	85566725	50	3.53351
chrX	85566725	85949731	272	0.592605
chrX	85949731	85970646	11	0.39518
chrX	85970646	86221374	170	0.607273
chrX	86221374	86653324	279	3.40732
chrX	86653324	86680567	15	0.532248
chrX	86680567	86688522	12	1.17076
chrX	86688522	86699127	12	0.579486
chrX	86699127	86730646	17	3.30313
chrX	86730646	86810171	60	0.592115
chrX	86810171	86851808	36	2.31104
chrX	86851808	87248332	249	0.585827
chrX	87248332	87485922	156	3.6142
chrX	87485922	87529127	33	0.67859
chrX	87529127	87560925	18	2.4197
chrX	87560925	87954995	291	0.573585
chrX	87954995	88019395	41	3.62552
chrX	88019395	88087007	33	0.647191
chrX	88087007	88119444	19	1.17208
chrX	88119444	88141758	18	3.19012
chrX	88141758	88847720	341	0.592015
chrX	88847720	88865232	10	0.816526
chrX	88865232	89915251	372	2.16221
chrX	89915251	90980557	477	0.592304
chrX	90980557	91018334	16	1.9837
chrX	91018334	91055501	17	0.638588
chrX	91055501	91219639	59	2.3162
chrX	91219639	91293177	10	0.996509
chrX	91293177	91351595	30	2.23598
chrX	91351595	91459777	64	4.07967
chrX	91459777	92040578	240	2.3687
chrX	92040578	92324289	102	0.601888
chrX	92324289	92334246	22	0.890865
chrX	92334246	92345384	13	0.423316
chrX	92345384	92389062	28	0.704995
chrX	92389062	92423616	22	2.23362
chrX	92423616	92442212	17	0.638818
chrX	92442212	92464156	13	2.56916
chrX	92464156	92495421	28	0.530362
chrX	92495421	92669384	96	3.54108
chrX	92669384	93012306	218	0.619051
chrX	93012306	93046800	17	0.377239
chrX	93046800	93161759	64	0.591899
chrX	93161759	93985609	552	1.4921
chrX	93985609	94021164	20	0.66754
chrX	94021164	94074286	39	2.67357
chrX	94074286	94202889	57	1.43059
chrX	94202889	94239496	24	0.686128
chrX	94239496	94260571	10	1.88079
chrX	94260571	94354338	42	0.482807
chrX	94354338	94360212	10	0.871548
chrX	94360212	94649739	154	0.575482
chrX	94649739	94677155	11	0.886068
chrX	94677155	94834267	77	2.28148
chrX	94834267	95183064	216	0.619874
chrX	95183064	95203432	12	1.01288
chrX	95203432	96017586	510	0.587917
chrX	96017586	96033579	10	0.33295
chrX	96033579	96631609	359	0.544714
chrX	96631609	96672766	18	0.90848
chrX	96672766	96903112	110	0.526542
chrX	96903112	96930347	10	0.321745
chrX	96930347	96965287	28	0.528446
chrX	96965287	96971832	12	0.947755
chrX	96971832	97342341	288	0.586633
chrX	97342341	97786614	232	3.53738
chrX	97786614	97935458	83	0.562559
chrX	97935458	97963608	15	3.89125
chrX	97963608	112606573	7817	1.52975
chrX	112606573	113045992	278	2.65331
chrX	113045992	134703860	12490	1.54947
chrX	134703860	134723088	12	2.99003
chrX	134723088	135040691	198	1.62645
chrX	135040691	135432154	215	2.53416
chrX	135432154	136765754	773	4.64745
chrX	136765754	136925241	87	2.48673
chrX	136925241	137626622	483	3.47054
chrX	137626622	137975680	179	2.56986
chrX	137975680	138011713	38	3.56279
chrX	138011713	138296171	200	2.49288
chrX	138296171	138464427	119	4.22036
chrX	138464427	139010782	376	5.27453
chrX	139010782	139709067	418	4.28589
chrX	139709067	139754893	25	2.69959
chrX	139754893	140067540	249	1.51762
chrX	140067540	140378807	120	0.585242
chrX	140378807	140394459	14	0.386963
chrX	140394459	141817019	1029	0.583876
chrX	141817019	141870053	29	0.799954
chrX	141870053	142282089	287	0.558939
chrX	142282089	142298756	20	1.3918
chrX	142298756	142314221	13	2.75091
chrX	142314221	142598805	206	0.556083
chrX	142598805	143196962	407	1.49856
chrX	143196962	143278554	11	2.37571
chrX	143278554	150890892	5182	1.5279
chrX	150890892	151225291	252	2.51266
chrX	151225291	154946468	1748	1.62113
chrX	154946468	155233847	42	1.0826
chrY	2650438	9908580	2764	0.605682
chrY	9908580	10028103	31	1.0071
chrY	10028103	27720817	5632	0.562636
chrY	27720817	28457992	267	0.444411
chrY	28457992	59018260	176	0.702161
