CHROMOSOME	GENOME_START	GENOME_STOP	TOTAL_CN	COSMIC_SAMPLE_ID
10	67193	18448109	4	COSS2340227
19	36569010	39549653	3	COSS2339932
3	45280687	51362966	2	COSS2339421
16	57851392	57882574	0	COSS2121456
2	162372061	164635629	5	COSS2340101
4	62077809	63372524	1	COSS2340501
1	118429694	146944984	3	COSS2339702
17	44355602	49889904	4	COSS2340415
1	8524340	9658809	0	COSS2339424
13	96262797	115108598	1	COSS2743786
9	139614362	140188045	1	COSS2457580
1	191930854	192405761	0	COSS2340240
1	152759678	152768700	0	COSS2340231
2	174811221	189882109	1	COSS2340781
X	142648490	142908499	0	COSS2386011
15	57164572	57515336	0	COSS1797163
11	4970277	4976272	0	COSS2385968
5	97143437	98338694	0	COSS2385964
1	158760288	160096358	3	COSS2340578
10	106935209	107030781	1	COSS2341053
13	19082108	48726495	2	COSS2743790
7	50612	32204295	3	COSS2341053
19	23776454	24390693	1	COSS2340340
X	90204923	90748417	0	COSS2121467
1	9661061	12844565	2	COSS2340658
3	178326730	178395843	2	COSS2340416
22	25951739	51219461	1	COSS2340781
2	61002639	61279396	1	COSS2340784
3	156158973	156164320	6	COSS2339733
18	35991332	41315087	3	COSS2340983
15	76869789	76895344	0	COSS2385983
7	49779693	49887018	3	COSS2340577
7	141462301	141492217	6	COSS2385969
X	2368142	2387869	6	COSS2262854
13	77101905	79592510	3	COSS2340579
4	138953267	146387147	3	COSS2341052
8	58830834	95937502	5	COSS2340227
5	58226915	58626985	3	COSS2340340
11	51163249	54758291	5	COSS2340660
20	59950053	59961332	0	COSS2121472
6	137041833	137050651	5	COSS2263134
6	119507607	119517540	0	COSS2340240
5	110772404	110774225	0	COSS1797208
10	58319069	60331630	1	COSS2743786
9	41969395	68161228	3	COSS2263303
3	146257307	146261096	0	COSS1915868
10	12106850	12193066	0	COSS2339704
X	137895909	140074865	0	COSS2386037
4	25636766	25990186	1	COSS2339424
1	175587531	175594438	0	COSS2339725
14	50466402	50480960	5	COSS2385986
3	41171323	71074194	8	COSS2340919
15	20016328	22341689	5	COSS1915862
8	39390588	43790804	1	COSS2457550
18	11860	78000852	1	COSS2457590
11	113675449	116468169	0	COSS1797192
6	168323136	168583604	5	COSS1797203
19	6472574	15799366	1	COSS2340339
13	40348733	74222154	1	COSS2340576
14	19002124	20425509	6	COSS2121463
4	146357229	149441766	1	COSS2457571
6	103765670	119397094	0	COSS1797160
1	12879881	13374715	4	COSS2339421
22	16059753	33169813	2	COSS2457581
9	16554599	16590839	0	COSS2197608
14	106305038	107283598	1	COSS2457540
17	29233888	32632483	1	COSS2340656
8	7193821	7798851	6	COSS1797197
9	21090772	23425731	3	COSS2339932
16	71659879	90236511	1	COSS2457598
10	34247385	34480923	5	COSS2340100
4	96892392	102203409	3	COSS2340983
1	154019922	154682082	4	COSS2340983
8	114117608	128022565	5	COSS2385942
X	2627829	2656850	7	COSS1797229
8	994147	10657406	0	COSS2743786
5	58572535	58710891	1	COSS2743786
2	133984882	143508243	1	COSS2340984
17	9804724	9815411	0	COSS2339433
6	102405010	102417749	0	COSS2262859
7	3184748	3573316	4	COSS2340659
15	23662596	23953241	5	COSS2385980
3	155459	16659016	7	COSS2340417
10	86366489	135498976	3	COSS2263538
2	133122139	135518864	0	COSS2339706
20	1467917	1472779	0	COSS1797220
8	67970243	68692289	2	COSS2339701
6	65032828	65123141	0	COSS2339708
1	167303588	173791077	4	COSS2339703
2	137239670	138104723	0	COSS2339729
4	90317246	91326936	4	COSS2457536
13	19020145	33259007	4	COSS2339421
8	139374026	140661285	2	COSS2339423
X	32770666	32774961	0	COSS2385958
9	44727859	44873200	0	COSS1915862
1	48930589	73995916	1	COSS2340652
8	43795306	132234540	3	COSS2457600
16	52016582	64271962	1	COSS2457604
15	74832344	78760918	5	COSS2340983
15	33462495	34037447	2	COSS2340981
6	85004475	108810565	1	COSS2340979
18	59561312	60457304	4	COSS2340781
1	54676	8516282	1	COSS2339424
22	25682780	25922347	5	COSS2121463
9	20511614	20516245	0	COSS1797192
1	59079557	59195759	2	COSS2340227
12	101675655	102622243	1	COSS2457563
6	94432259	99364743	1	COSS2386025
6	124134813	129374471	1	COSS2263218
13	92397119	96261658	0	COSS2743786
21	42310882	45079245	2	COSS2339702
7	88838746	88851875	5	COSS2121484
1	196727850	196771280	0	COSS2385992
1	231363000	249239130	1	COSS2457546
X	15512875	15809346	0	COSS2121470
2	19956	127374341	4	COSS2339930
18	55791881	57128832	1	COSS2457600
6	152807823	170918961	1	COSS2340984
5	97050100	100648048	0	COSS1915862
5	71760795	72112540	2	COSS2743792
4	172989148	173000821	7	COSS2263222
10	12117364	12194279	0	COSS2340578
8	94236597	96593912	1	COSS2263565
11	129882166	131793500	3	COSS2340983
9	6963799	7055489	1	COSS1797217
21	42863320	48104004	5	COSS2340415
13	51551823	115108993	1	COSS2263303
7	1617698	1756284	2	COSS2743792
4	174776461	191042573	1	COSS2743786
8	54505313	115891626	7	COSS2386017
4	173106526	173523018	2	COSS2340579
16	71176395	90168697	1	COSS2340578
11	70393873	70401154	5	COSS2385983
2	239184581	243153522	1	COSS2340652
6	32703021	32712384	0	COSS1797192
16	60816	32014527	4	COSS2339424
8	20064771	20303960	3	COSS2340782
11	4968117	4976371	0	COSS2197607
15	95509717	98060722	1	COSS2339704
1	95964323	113491364	3	COSS2339930
5	83105475	89844438	1	COSS2457581
5	49465103	180713115	1	COSS2457590
8	27768706	27787224	8	COSS2340230
8	91215178	91794012	3	COSS2340784
4	39778913	52703678	3	COSS2340983
3	22019882	22031153	0	COSS2339442
7	9584446	61867682	3	COSS2339422
6	82993680	98803531	1	COSS2340501
12	123162566	126256711	4	COSS2339424
X	2641202	2693175	5	COSS2385972
12	77765594	78039091	3	COSS2339932
13	29355491	73474444	1	COSS2457583
10	114260483	114446340	0	COSS2341052
1	152130539	154049775	3	COSS2339932
7	1668813	2855014	2	COSS2340653
7	129983735	130002317	6	COSS2385990
6	130638750	130662996	0	COSS2339459
5	21784800	22985774	5	COSS2457415
10	89187555	90356924	0	COSS2340237
6	165750521	168403850	1	COSS2457600
2	121459243	121994279	3	COSS2340659
1	152555767	152586540	0	COSS1797160
1	212354412	213356494	1	COSS2340338
1	59203121	89867883	3	COSS2340415
1	75709909	75714554	0	COSS2386040
22	47383271	47700127	1	COSS2197609
3	179535265	179598456	1	COSS2262859
4	177161309	191043168	2	COSS2743789
8	41143026	41165741	6	COSS2386016
4	75893	79865281	4	COSS2339421
14	19083154	107289436	2	COSS2340658
10	21323801	23157600	1	COSS2120204
6	6157957	6164170	5	COSS2386002
6	81069150	127691584	1	COSS2263439
18	77789392	77817534	0	COSS2386014
21	15026777	18820756	4	COSS2340981
3	173711222	174180050	6	COSS1797165
12	5971176	30555068	1	COSS1797171
2	109156275	110806589	3	COSS2340229
11	102566396	102572794	5	COSS2457417
3	33207392	33920182	3	COSS2339932
13	47141830	47295499	1	COSS2121470
2	116231781	116261292	1	COSS2262859
1	85147644	87322286	1	COSS2340654
18	48894825	50128006	0	COSS1915870
8	24991235	25062200	1	COSS2339935
15	33802166	54994332	1	COSS2457562
21	39858210	42876400	1	COSS2339701
7	97133186	99645233	5	COSS2386023
10	114820191	135523763	4	COSS2340655
12	10363395	15195593	1	COSS2263360
1	76973920	77126189	3	COSS2340983
4	4379663	4992367	3	COSS2340229
17	18355392	18465221	0	COSS2340237
7	115586843	119169595	1	COSS2263538
1	196706866	196802002	6	COSS1797175
1	196761820	196801655	1	COSS1797179
1	196711067	196802002	6	COSS1797187
1	210153495	210223274	0	COSS1797205
1	210900179	210970344	5	COSS1797205
1	214632142	214635886	6	COSS1797209
1	217160601	217200028	5	COSS1915858
1	196843171	196844167	5	COSS1915863
1	196714873	196799288	5	COSS1915868
1	212890501	213136200	1	COSS2120204
1	213165801	220956800	1	COSS2120210
1	196709223	196798719	6	COSS2121461
1	196711187	196799505	7	COSS2121491
1	225349193	249209140	1	COSS2197584
1	214476561	214494504	5	COSS2197614
1	201572071	202323731	0	COSS2197615
1	196709446	196802002	5	COSS2197618
1	201256682	201269687	5	COSS2262840
1	196798705	196884185	0	COSS2262861
1	202628582	202781744	1	COSS2263360
1	185843416	186454070	4	COSS2263439
1	190277706	190410612	5	COSS2263439
1	192488502	193174838	4	COSS2263439
1	204179725	205295907	5	COSS2263439
1	205621994	206955651	5	COSS2263439
1	209503233	210061910	5	COSS2263439
1	220401009	220873514	3	COSS2263439
1	201117812	201347946	5	COSS2263439
1	215829894	215976180	4	COSS2263439
1	216223958	244853534	1	COSS2263538
1	193900354	205570406	5	COSS2339423
1	205570770	205631767	2	COSS2339423
1	205636334	207075171	3	COSS2339423
1	207079615	238793651	2	COSS2339423
1	225158883	225275262	0	COSS2339433
1	215046892	216987293	0	COSS2339439
1	196738623	196815791	6	COSS2339456
1	204966690	204970495	0	COSS2339733
1	204248960	208426693	3	COSS2339932
1	186262505	190342876	3	COSS2339932
1	195398667	197018398	3	COSS2339932
1	213041025	213093650	0	COSS2339952
1	204334765	204359386	0	COSS2340103
1	210717288	210736508	5	COSS2340239
1	213363374	249216384	3	COSS2340338
1	219400703	235626696	3	COSS2340340
1	212345669	213363374	1	COSS2340576
1	213364581	249216384	3	COSS2340576
1	212345628	213363374	1	COSS2340654
1	207079965	249239130	1	COSS2340657
1	203737223	207328547	3	COSS2340659
1	186255374	190342876	3	COSS2340659
1	213040929	213093650	0	COSS2340660
1	196738768	196789228	6	COSS2340661
1	203045054	204851682	4	COSS2340723
1	204852499	205865119	3	COSS2340723
1	217236979	220331961	3	COSS2340723
1	205865783	209516399	3	COSS2340723
1	205570406	205631767	2	COSS2340982
1	204250248	208425917	3	COSS2340983
1	197020658	204248960	1	COSS2340983
1	186260311	190343439	3	COSS2340983
1	195400135	197018398	3	COSS2341052
1	223904366	223937774	7	COSS2385972
1	190376262	190644009	5	COSS2385980
1	186323879	186555040	5	COSS2385990
1	210008277	214964147	0	COSS2385990
1	214974738	238145879	0	COSS2385990
1	196835106	196844335	5	COSS2385991
1	196789562	196801655	0	COSS2385992
1	211185917	211239606	0	COSS2386015
1	196828779	196901753	0	COSS2386019
1	196714822	196799505	5	COSS2386021
1	208218841	208243553	5	COSS2386038
1	186112778	186822370	1	COSS2457532
1	209076398	240011353	4	COSS2457535
1	185660036	190400984	1	COSS2457537
1	214580401	240409903	1	COSS2457547
1	219289014	236661059	1	COSS2457554
1	197698901	198644322	1	COSS2457554
1	216948958	217499963	1	COSS2457554
1	223850702	226724469	1	COSS2457556
1	201845575	203636660	1	COSS2457563
1	208368725	241587736	1	COSS2457572
1	211517765	249239130	1	COSS2457577
1	206512359	210505408	1	COSS2457577
1	210505519	211476703	0	COSS2457577
1	218893464	219794385	3	COSS2457583
1	224410432	249219621	1	COSS2457591
1	208805409	240833928	1	COSS2457597
1	186236660	187011101	1	COSS2457605
1	205611677	218362780	1	COSS2743786
1	202815362	203081290	1	COSS2743793
1	216500659	231498460	1	COSS2743794
1	215094201	215205835	1	COSS2743794
1	186156514	191953737	2	COSS2743795
1	191955405	244660724	6	COSS2743795
2	58166468	58169950	0	COSS1797152
2	25846410	26117757	0	COSS1797153
2	58164223	58169950	0	COSS1797159
2	58168831	58169950	0	COSS1797184
2	58168098	58169494	0	COSS1797186
2	58165595	58169494	0	COSS1797189
2	49341056	49407918	0	COSS1797192
2	49795482	50694114	0	COSS1797192
2	39139544	39165394	1	COSS1797216
2	31247485	31252661	0	COSS1915857
2	30074893	30090629	5	COSS1915859
2	55618813	55654181	0	COSS1915876
2	46597827	46603438	0	COSS1915876
2	25832938	26127890	1	COSS1915883
2	25901513	26055494	0	COSS1915893
2	43882501	48093000	1	COSS2120204
2	38397001	85074500	1	COSS2120205
2	31821501	59875100	1	COSS2120207
2	58163146	58169950	0	COSS2121462
2	26010961	26117757	0	COSS2121478
2	30396019	32611512	3	COSS2197587
2	37683601	37994958	1	COSS2197597
2	50237902	50246350	5	COSS2197602
2	30075051	30090629	6	COSS2197613
2	50503037	50512939	0	COSS2197614
2	48959603	48986026	1	COSS2262859
2	44517190	44571485	0	COSS2263140
2	49141838	49292362	1	COSS2263220
2	25657910	26082212	1	COSS2263361
2	39472873	42427428	1	COSS2263564
2	48955368	48975546	0	COSS2339435
2	39177320	39299314	0	COSS2339445
2	31246249	31252661	0	COSS2339460
2	38547242	39180812	1	COSS2339703
2	40533913	43769396	1	COSS2339703
2	23809510	31348427	3	COSS2339932
2	23649702	23806335	4	COSS2339932
2	32046814	45591461	3	COSS2339932
2	48825650	55098466	3	COSS2339932
2	55100196	55650512	3	COSS2339932
2	31349572	32044482	5	COSS2339932
2	45592032	45724914	4	COSS2339932
2	45725591	46623947	3	COSS2339932
2	46624599	48825139	4	COSS2339932
2	55650572	59849513	3	COSS2339932
2	59849990	62011340	4	COSS2339932
2	26029494	30397170	1	COSS2340228
2	47644574	48834271	1	COSS2340228
2	23618193	26018735	1	COSS2340228
2	30418294	32495471	1	COSS2340228
2	26077722	58306811	4	COSS2340338
2	25675695	26076738	2	COSS2340338
2	58309374	77420661	2	COSS2340338
2	25821689	32713170	3	COSS2340339
2	47774171	48834271	1	COSS2340416
2	30288509	75089454	3	COSS2340417
2	47369709	58306811	4	COSS2340655
2	25194522	25821689	3	COSS2340659
2	31369516	32044482	3	COSS2340659
2	53840278	54505213	3	COSS2340659
2	40184602	40531976	3	COSS2340784
2	30406902	75089454	4	COSS2340919
2	59834665	65849973	3	COSS2340983
2	46632194	48839459	3	COSS2340983
2	48840047	59833802	4	COSS2340983
2	37279257	46630861	2	COSS2340983
2	31352741	32044482	5	COSS2340983
2	25195444	25820664	3	COSS2341052
2	31407476	32051761	3	COSS2341052
2	23754610	23760596	0	COSS2385939
2	32825925	33016744	1	COSS2386020
2	30075011	30090341	5	COSS2386022
2	51057497	52984584	1	COSS2457532
2	55686459	56752982	2	COSS2457535
2	57678700	74503012	2	COSS2457535
2	57886190	58852390	1	COSS2457537
2	37539576	38117987	1	COSS2457541
2	35065162	36597117	1	COSS2457547
2	49215225	78669170	1	COSS2457554
2	53912128	53956883	1	COSS2457560
2	40124959	44516916	1	COSS2457573
2	61514422	62936454	1	COSS2457583
2	26116307	26315451	1	COSS2457583
2	41887995	42913383	1	COSS2457583
2	42917893	43066282	0	COSS2457583
2	43066586	47378943	1	COSS2457583
2	25017357	25469502	1	COSS2457583
2	25483847	26114804	0	COSS2457583
2	29286364	29884511	1	COSS2457587
2	40723879	42475879	1	COSS2743786
2	61286593	61457148	1	COSS2743786
2	58037369	58513458	3	COSS2743790
2	61007782	61235855	2	COSS2743795
3	4167288	4319579	0	COSS1797169
3	21999492	22012253	0	COSS1797184
3	2303367	2312398	0	COSS1797184
3	21999782	22008097	0	COSS1797187
3	21990832	22000330	0	COSS1797190
3	9635471	10654539	1	COSS1797207
3	3960033	3976417	0	COSS1915871
3	3960071	3976417	0	COSS1915891
3	28930001	33837373	1	COSS2120208
3	23923701	24869800	1	COSS2120213
3	26311201	26907000	1	COSS2120213
3	8940490	9005931	0	COSS2121463
3	15837784	16255612	5	COSS2121491
3	9479413	69181552	5	COSS2197585
3	30314507	31262339	5	COSS2197618
3	29309970	30837454	1	COSS2262838
3	21979682	23872996	1	COSS2262838
3	4268855	4327835	0	COSS2262844
3	3970428	3972228	1	COSS2263010
3	3971379	3973674	1	COSS2263019
3	8819602	8834989	0	COSS2263130
3	4080331	4235715	0	COSS2263131
3	6965462	7814347	1	COSS2263302
3	22273303	24922506	1	COSS2263360
3	16662488	16703075	0	COSS2263363
3	27203341	27856710	1	COSS2263564
3	30058295	37894621	1	COSS2263565
3	32370144	45261300	6	COSS2339421
3	31219954	32369720	2	COSS2339421
3	12490083	31218207	6	COSS2339421
3	60596	9348361	6	COSS2339421
3	9350167	12490064	2	COSS2339421
3	61466	5913291	3	COSS2339423
3	6003395	197872160	3	COSS2339423
3	14468767	14480778	5	COSS2339430
3	8598670	8606933	5	COSS2339441
3	8593038	8611344	5	COSS2339460
3	10155882	10168864	5	COSS2339462
3	65982	20478573	1	COSS2339701
3	20772226	22558740	1	COSS2339701
3	22613833	32301595	1	COSS2339701
3	26364202	197872160	3	COSS2339702
3	6003805	25980417	3	COSS2339702
3	7349612	7361342	6	COSS2339708
3	626960	9198120	3	COSS2339930
3	9852148	10236121	1	COSS2339930
3	10242243	22005074	3	COSS2339930
3	22005565	32887837	3	COSS2339930
3	9198890	9245822	1	COSS2339930
3	9248949	9844762	3	COSS2339930
3	1056328	3477857	3	COSS2339932
3	26604461	29708067	3	COSS2339932
3	13649339	13726306	5	COSS2339934
3	4602498	4607133	0	COSS2339939
3	3967467	3972228	0	COSS2339942
3	6003582	197872160	3	COSS2340100
3	32197092	32741958	0	COSS2340102
3	6913374	12273414	1	COSS2340105
3	3960462	3977156	0	COSS2340106
3	9177748	9245822	2	COSS2340227
3	26693002	49055788	3	COSS2340228
3	23048377	24163705	1	COSS2340228
3	24163773	24247481	3	COSS2340228
3	24249834	26691559	1	COSS2340228
3	1090860	1169240	0	COSS2340241
3	73214	152206633	4	COSS2340338
3	22610981	32301595	1	COSS2340339
3	9245529	9844762	4	COSS2340415
3	24166164	24247481	3	COSS2340416
3	31621146	41430774	5	COSS2340417
3	17065116	30363284	7	COSS2340417
3	30366939	31555348	2	COSS2340417
3	16660627	17064893	2	COSS2340417
3	24346939	24372048	0	COSS2340503
3	14470911	14480778	6	COSS2340503
3	61495	62212067	3	COSS2340578
3	26691559	33622315	3	COSS2340652
3	9021348	9881041	3	COSS2340659
3	26607463	29672551	3	COSS2340659
3	30645119	30874928	3	COSS2340659
3	30874961	33205996	3	COSS2340659
3	12490064	31218207	3	COSS2340723
3	32367671	45261300	3	COSS2340723
3	16680725	17066846	3	COSS2340919
3	30369998	31549758	3	COSS2340919
3	9245822	9844762	4	COSS2340978
3	7037925	197872160	3	COSS2340980
3	26401306	45949954	3	COSS2340981
3	1055263	3477857	3	COSS2340983
3	32378176	45280687	3	COSS2341051
3	21999859	22020729	0	COSS2385943
3	7341994	7357086	5	COSS2385987
3	20219477	20231311	0	COSS2386018
3	9358616	10928740	6	COSS2386023
3	26016944	35493217	5	COSS2457535
3	64492	70877203	4	COSS2457536
3	25365246	26205465	1	COSS2457537
3	13797136	14821934	1	COSS2457538
3	11075503	12561249	1	COSS2457538
3	30061866	32892463	1	COSS2457538
3	21362577	26836454	1	COSS2457543
3	6461244	10221019	1	COSS2457550
3	32450413	32777073	1	COSS2457550
3	434864	86769116	3	COSS2457562
3	16877206	29518724	1	COSS2457569
3	21480695	32327421	2	COSS2457578
3	205809	8471136	1	COSS2457579
3	5843169	11096859	1	COSS2457583
3	31067452	32863281	1	COSS2457583
3	27705311	31783326	1	COSS2457587
3	9163706	10687544	1	COSS2457587
3	21956627	22272398	1	COSS2457588
3	20662634	21830888	1	COSS2457597
3	61044	52973373	1	COSS2743786
3	18194748	31148506	2	COSS2743789
3	7975120	33897898	6	COSS2743795
4	307401	349296	8	COSS1797158
4	12281	366919	5	COSS1797167
4	43124	65978	5	COSS1797172
4	43629	65978	8	COSS1797181
4	5643287	5646958	0	COSS1797190
4	9378279	9589310	5	COSS1797197
4	16413300	17561019	0	COSS1915862
4	68701	40540600	1	COSS2120205
4	7964001	8300000	1	COSS2120208
4	3885808	4190572	6	COSS2197606
4	3135953	4351540	1	COSS2263360
4	7403113	8093443	1	COSS2263360
4	8944309	9568555	1	COSS2263361
4	17048777	18322401	1	COSS2263438
4	10475112	14852132	1	COSS2263538
4	16816630	16859042	1	COSS2263538
4	19571122	20308783	1	COSS2263538
4	20528308	20663866	1	COSS2263538
4	21040710	21157835	1	COSS2263538
4	11267	35407846	2	COSS2339422
4	97884	23440343	3	COSS2339423
4	101261	4378652	1	COSS2339701
4	8298000	8585989	5	COSS2339705
4	10642	8729471	2	COSS2339930
4	9043567	35441660	2	COSS2339930
4	8731330	9043296	1	COSS2339930
4	10742	35614799	2	COSS2339931
4	8033326	8328088	3	COSS2339932
4	15079799	15682252	3	COSS2339932
4	6404714	7135500	5	COSS2340101
4	9370690	9569841	5	COSS2340103
4	69567	49317511	1	COSS2340228
4	8724543	9417635	6	COSS2340239
4	16025385	16104248	0	COSS2340240
4	19729	161944857	4	COSS2340338
4	3888924	4378347	3	COSS2340339
4	4378652	4994802	3	COSS2340339
4	8945544	35441660	2	COSS2340415
4	8709448	8945341	2	COSS2340415
4	72510	98957465	3	COSS2340417
4	21372039	21376851	0	COSS2340419
4	53428	26649361	3	COSS2340579
4	19924	52677181	1	COSS2340652
4	15228359	15702697	3	COSS2340659
4	4378347	4994802	3	COSS2340781
4	15228910	15682252	3	COSS2341052
4	15856654	16906481	5	COSS2385980
4	21515082	22299914	0	COSS2386008
4	21787875	21845561	1	COSS2386024
4	5961887	5965832	0	COSS2457414
4	12755640	22901347	4	COSS2457536
4	73508	9445662	3	COSS2457536
4	9446596	12753324	4	COSS2457536
4	20635427	48666797	1	COSS2457541
4	7973142	82138551	1	COSS2457546
4	6196045	7970589	1	COSS2457546
4	16557777	31528570	1	COSS2457547
4	16528453	16691901	1	COSS2457550
4	98530	29166804	1	COSS2457554
4	9170797	9209387	1	COSS2457557
4	9254672	11412129	1	COSS2457571
4	3002816	3447311	1	COSS2457571
4	3451109	5939474	4	COSS2457571
4	5942144	6263680	1	COSS2457571
4	6308735	6939162	4	COSS2457571
4	6971679	8155985	1	COSS2457571
4	8156289	9099595	4	COSS2457571
4	8981353	9693253	1	COSS2457579
4	19738832	29436934	1	COSS2457597
4	4962278	8995263	1	COSS2743786
4	9103790	25082095	1	COSS2743786
4	72048	38760429	2	COSS2743787
4	14131	32676007	3	COSS2743789
4	70334	191042998	3	COSS2743790
5	168164744	168170708	0	COSS1797193
5	150403098	150405019	5	COSS1797196
5	131772397	131815384	1	COSS1797207
5	155923844	156026741	1	COSS1797217
5	168160554	168170708	0	COSS1797219
5	144844028	144857333	0	COSS1797220
5	168156158	168170708	0	COSS1915859
5	150639634	150725756	1	COSS1915883
5	141014301	143509300	1	COSS2120208
5	148949501	150386700	1	COSS2120210
5	168155311	168165399	0	COSS2121463
5	168161129	168170708	0	COSS2121472
5	136604873	136608677	0	COSS2197590
5	136604250	136608720	0	COSS2197606
5	153120048	153123488	0	COSS2197611
5	136605104	136609992	0	COSS2197613
5	168516956	168545010	5	COSS2262854
5	167090534	167104990	1	COSS2262859
5	144849242	144855521	0	COSS2263139
5	136606085	136615952	0	COSS2263306
5	149487476	149489242	0	COSS2263307
5	166386727	167028361	1	COSS2263538
5	167079521	167316512	1	COSS2263538
5	167604002	180711115	3	COSS2339422
5	151470336	165877057	3	COSS2339422
5	150226722	151468499	3	COSS2339422
5	141080465	150176501	3	COSS2339422
5	132295488	175052459	3	COSS2339423
5	131542184	132291694	1	COSS2339423
5	146941503	158008364	3	COSS2339701
5	158031511	159623784	5	COSS2339701
5	159623953	173567237	3	COSS2339701
5	159630069	162552835	1	COSS2339703
5	161486055	162552835	1	COSS2339704
5	132700141	180730532	3	COSS2339930
5	152861509	165877057	3	COSS2339931
5	147869409	152852622	2	COSS2339931
5	138222330	140346223	3	COSS2339932
5	140346712	141530696	4	COSS2339932
5	158702459	160739709	3	COSS2339932
5	141533062	143975945	3	COSS2339932
5	144285453	146855963	3	COSS2339932
5	156644624	158639599	3	COSS2339932
5	153696792	153723059	2	COSS2340105
5	147588167	171514639	3	COSS2340228
5	159623784	173570847	3	COSS2340229
5	147078638	158031593	3	COSS2340229
5	158107640	159622546	5	COSS2340229
5	168525690	168541842	8	COSS2340230
5	159622419	173570153	3	COSS2340339
5	158141955	159621856	5	COSS2340339
5	146936661	158142399	3	COSS2340340
5	158143296	159621856	5	COSS2340340
5	165880712	172222457	1	COSS2340417
5	159631958	162552835	1	COSS2340501
5	162841170	180687907	3	COSS2340578
5	161498737	162552835	1	COSS2340578
5	162553690	180687907	3	COSS2340579
5	147301720	149489802	3	COSS2340656
5	165885252	167599721	1	COSS2340656
5	132054545	132291694	1	COSS2340658
5	157786808	158288268	3	COSS2340659
5	155024755	155333254	3	COSS2340659
5	146971585	158031593	3	COSS2340781
5	132123536	132291694	1	COSS2340783
5	132295729	175047644	3	COSS2340981
5	140343372	141530696	4	COSS2340983
5	144291559	146855963	3	COSS2340983
5	156645436	160125122	3	COSS2340983
5	137966643	140343191	3	COSS2340983
5	161315769	161480091	0	COSS2340984
5	161480935	162552835	1	COSS2340984
5	155025037	155336076	3	COSS2341052
5	157778813	158288268	3	COSS2341052
5	150777798	153921165	2	COSS2385934
5	153305438	153727937	0	COSS2385957
5	152873649	152952404	0	COSS2385957
5	167285008	171865858	5	COSS2385980
5	144543709	146211451	6	COSS2385980
5	169484895	169489581	0	COSS2385988
5	132907599	132925236	0	COSS2385992
5	153119429	153123488	0	COSS2386011
5	132944787	133004766	0	COSS2386012
5	155124577	156563909	5	COSS2386023
5	154091757	155123573	6	COSS2386023
5	131615070	132910581	1	COSS2457541
5	134365070	144952941	1	COSS2457544
5	150445215	159937215	1	COSS2457548
5	159939795	162687098	1	COSS2457548
5	162688244	164246182	1	COSS2457548
5	144868408	149276567	1	COSS2457550
5	143678661	144441278	1	COSS2457550
5	141945329	144605306	1	COSS2457563
5	168097120	169369802	1	COSS2457563
5	150697104	150789284	1	COSS2457569
5	151140525	152324187	1	COSS2457569
5	131771315	133823408	1	COSS2457571
5	151249430	159160699	1	COSS2457583
5	140024432	141081177	1	COSS2457583
5	159615182	162053902	1	COSS2457583
5	156693588	157046398	3	COSS2743786
5	145245749	180719407	3	COSS2743792
5	132335941	135124798	2	COSS2743792
5	141383109	141949529	2	COSS2743792
5	154111128	157257804	1	COSS2743793
6	143701194	143768106	1	COSS1797173
6	141161312	142999951	1	COSS1797173
6	157934862	157956508	0	COSS1797208
6	161153527	161330652	1	COSS1797211
6	145595001	146084600	1	COSS2120204
6	147751301	153321500	1	COSS2120204
6	154624901	155524700	1	COSS2120204
6	157841701	161276200	1	COSS2120204
6	162656001	163539300	1	COSS2120204
6	167811901	168829600	1	COSS2120204
6	162721807	162918744	8	COSS2121492
6	160772842	160775578	0	COSS2263013
6	142706063	144446518	1	COSS2263438
6	168333954	168591028	3	COSS2339422
6	146086192	171050238	3	COSS2339423
6	144997663	146083967	1	COSS2339424
6	168184754	168433804	0	COSS2339456
6	150711164	150721458	0	COSS2339463
6	168577460	171049448	1	COSS2339701
6	168387973	168577083	1	COSS2339701
6	146088443	170916550	3	COSS2339702
6	151775259	152706579	1	COSS2339703
6	151778325	152706579	1	COSS2339704
6	168335278	168589564	5	COSS2339731
6	170787278	171050238	3	COSS2339930
6	150114126	168330834	1	COSS2339931
6	168577062	171050238	1	COSS2339931
6	149589005	152199431	3	COSS2339932
6	156619396	158376369	3	COSS2339932
6	142822451	145318176	3	COSS2339932
6	153440049	153448524	0	COSS2339938
6	146081369	170916550	3	COSS2340100
6	147112215	149175122	3	COSS2340228
6	150424667	151575957	1	COSS2340228
6	165992910	166051868	1	COSS2340228
6	168386575	168577083	1	COSS2340229
6	140084551	170920196	3	COSS2340338
6	139252590	140084137	1	COSS2340338
6	160119427	170920196	1	COSS2340417
6	151778442	151975285	0	COSS2340501
6	151994783	152624699	1	COSS2340501
6	152626689	152706299	1	COSS2340501
6	140098560	170920196	3	COSS2340576
6	152807059	170918961	1	COSS2340577
6	152610972	152706579	0	COSS2340578
6	152623532	152706579	1	COSS2340579
6	152807380	152894317	1	COSS2340579
6	162115760	170916550	3	COSS2340657
6	149587810	152200363	3	COSS2340659
6	156712682	158361899	3	COSS2340659
6	166005689	166194698	3	COSS2340659
6	168579814	171049448	1	COSS2340781
6	151171458	160987539	3	COSS2340783
6	160987547	170916550	3	COSS2340783
6	145145848	146083967	3	COSS2340783
6	160102852	170920196	2	COSS2340919
6	146083860	170916550	3	COSS2340981
6	156720020	158373622	3	COSS2340983
6	142824130	145205895	3	COSS2340983
6	149587194	152306334	3	COSS2341052
6	144944469	145937438	3	COSS2341052
6	156710670	158193725	3	COSS2341052
6	165997200	166191532	2	COSS2341052
6	160157904	160180832	0	COSS2385964
6	158884390	158896253	0	COSS2385973
6	148986546	149400864	1	COSS2385985
6	146387556	146936381	1	COSS2385985
6	145716924	145937186	1	COSS2385985
6	166556333	166615748	0	COSS2385987
6	150493855	150505298	5	COSS2386011
6	145955687	146182515	5	COSS2386023
6	149825264	171049448	3	COSS2457536
6	170469695	170920196	1	COSS2457544
6	158647758	159467753	1	COSS2457548
6	152546094	152885370	1	COSS2457554
6	153065996	153226260	1	COSS2457554
6	153227237	153753495	1	COSS2457554
6	157761351	170921585	3	COSS2457567
6	141997553	170915813	1	COSS2457572
6	165747967	168295813	1	COSS2457573
6	168334813	168595893	2	COSS2457583
6	159514389	170912653	1	COSS2457584
6	163389322	163438926	1	COSS2457588
6	163744257	164007820	1	COSS2457588
6	165515022	166225336	1	COSS2457588
6	165775970	168598223	1	COSS2457606
6	143790211	147566285	1	COSS2457606
6	145043655	146233338	1	COSS2743786
6	164065102	167120969	0	COSS2743786
6	154929870	155870419	3	COSS2743792
6	145569151	146100021	1	COSS2743793
6	164418589	170793618	1	COSS2743793
7	83707955	83769457	0	COSS1797160
7	57464402	57731876	5	COSS1797180
7	63726645	63746966	0	COSS1797189
7	93116863	95506642	8	COSS1797233
7	91167397	92588511	8	COSS1797233
7	87103263	87387674	8	COSS1797233
7	85514526	86528593	7	COSS1797233
7	87389480	89179512	5	COSS1797233
7	90827261	91165983	5	COSS1797233
7	86535446	87084334	5	COSS1797233
7	63802118	63849102	0	COSS2197612
7	62720216	62933472	0	COSS2197612
7	70236931	70252645	5	COSS2197616
7	55225441	55250130	0	COSS2197616
7	57192973	57448229	0	COSS2197617
7	83730162	83806646	0	COSS2262863
7	83608171	85702521	1	COSS2263439
7	83589551	83667173	1	COSS2263538
7	65229721	65347962	1	COSS2339422
7	64680335	64958622	0	COSS2339435
7	88055441	90640150	3	COSS2339701
7	91398179	153147715	3	COSS2339703
7	56842127	76739462	3	COSS2339703
7	87873580	91354331	2	COSS2339703
7	76741788	82770646	2	COSS2339703
7	82771395	85865050	3	COSS2339703
7	86248253	87835469	3	COSS2339703
7	87833738	91354331	2	COSS2339704
7	63226229	67014800	3	COSS2339932
7	86497184	90913045	3	COSS2339932
7	90913929	94188680	3	COSS2339932
7	94189369	95972285	3	COSS2339932
7	78406100	97844578	5	COSS2339941
7	94909495	94912157	7	COSS2339942
7	75048320	76024085	3	COSS2340229
7	55172768	55516878	3	COSS2340229
7	56832629	111166165	3	COSS2340501
7	55698165	56561978	2	COSS2340577
7	57917636	108804654	6	COSS2340579
7	61368188	99051375	3	COSS2340652
7	66214010	66706444	3	COSS2340653
7	86964212	94188680	3	COSS2340659
7	63208193	67014800	3	COSS2340659
7	72795176	74167356	3	COSS2340659
7	80080395	80143355	5	COSS2340661
7	62634594	63227478	3	COSS2340723
7	63228221	65769833	5	COSS2340723
7	74548647	76074342	3	COSS2340781
7	68194503	159128337	3	COSS2340782
7	76755530	82771395	2	COSS2340784
7	82772101	85865050	3	COSS2340784
7	62032579	159122682	5	COSS2340919
7	94199607	132779383	3	COSS2340983
7	67715374	72337791	3	COSS2340983
7	89743287	94196192	3	COSS2340983
7	72352626	89743197	3	COSS2340983
7	63209770	67014800	3	COSS2340983
7	61760687	63209246	3	COSS2340983
7	56829511	153148355	3	COSS2340984
7	63208423	67014800	3	COSS2341052
7	76771243	78460104	3	COSS2341052
7	86966304	94213363	3	COSS2341052
7	55850418	55976548	0	COSS2385951
7	64809197	64958622	0	COSS2385951
7	77689888	77698281	5	COSS2385973
7	71000236	71035420	1	COSS2385974
7	70997722	71021064	0	COSS2386013
7	94315499	94647432	7	COSS2386023
7	70217218	70250125	6	COSS2386030
7	84490358	99204540	7	COSS2386040
7	61876144	84451436	7	COSS2386040
7	93461176	95408932	1	COSS2457537
7	70634455	70774383	2	COSS2457565
7	73710142	159125740	3	COSS2457577
7	72282320	159122682	4	COSS2457581
7	66313962	72282293	2	COSS2457581
7	57387214	57517019	1	COSS2457597
7	62938000	66640007	3	COSS2457597
7	77583856	89787504	2	COSS2743787
7	65203587	74137819	5	COSS2743787
7	74213356	75732322	7	COSS2743787
7	75809606	77577718	5	COSS2743787
7	61859382	65202326	2	COSS2743787
7	66793207	119245864	3	COSS2743789
8	114311136	126860767	6	COSS1797162
8	128696277	139183891	6	COSS1797162
8	142566600	146298155	6	COSS1797162
8	127984435	128694546	7	COSS1797162
8	126861260	127982089	7	COSS1797162
8	139183924	142566487	7	COSS1797162
8	116417960	116429998	0	COSS1797190
8	131885942	131914633	5	COSS1797195
8	123864751	123871199	7	COSS1797209
8	131892052	131913698	8	COSS1797210
8	131914222	140542769	5	COSS1797210
8	117890314	125639455	6	COSS1915870
8	125668599	129709837	5	COSS1915870
8	124781974	125942520	1	COSS2120208
8	123719135	124251174	1	COSS2120210
8	120873916	121102541	5	COSS2197618
8	127882993	128663719	5	COSS2197618
8	126080268	127882910	7	COSS2197618
8	134330321	134556752	6	COSS2197618
8	139627069	139642327	7	COSS2262839
8	136388656	136544549	0	COSS2262859
8	145647795	145818681	1	COSS2263303
8	136757041	146175510	3	COSS2339422
8	120886075	123749956	1	COSS2339422
8	123752044	123982099	3	COSS2339422
8	123985708	125453432	1	COSS2339422
8	125455495	128715817	3	COSS2339422
8	128740607	136756854	3	COSS2339422
8	141078311	146300622	2	COSS2339423
8	127580690	132941814	3	COSS2339423
8	132942099	133326153	2	COSS2339423
8	133329296	139370480	3	COSS2339423
8	140665076	141062675	3	COSS2339423
8	133325922	139396801	3	COSS2339424
8	133252199	133258994	8	COSS2339435
8	129090402	146282516	3	COSS2339701
8	120540876	127501076	3	COSS2339701
8	127571356	128436061	4	COSS2339701
8	128437055	129089886	7	COSS2339701
8	141113716	146300622	2	COSS2339702
8	140687654	141078311	3	COSS2339702
8	125392671	129131491	5	COSS2339702
8	129134367	132942751	3	COSS2339702
8	132943652	133326153	2	COSS2339702
8	129075832	146279735	4	COSS2339703
8	128373027	129074902	5	COSS2339703
8	129074902	146279735	4	COSS2339704
8	142358865	146298155	5	COSS2339719
8	138599067	146298155	5	COSS2339729
8	141591739	145988012	4	COSS2339930
8	141119151	141558049	3	COSS2339930
8	136762064	146175510	3	COSS2339931
8	128715817	136761778	3	COSS2339931
8	125455992	128713173	3	COSS2339931
8	124755460	138722906	3	COSS2339932
8	144994916	146065173	3	COSS2339932
8	121148287	124754423	5	COSS2339932
8	138724825	139609087	4	COSS2339932
8	139613626	141394985	3	COSS2339932
8	146065452	146301152	3	COSS2339932
8	141119901	146300622	1	COSS2340100
8	124379755	127293473	5	COSS2340101
8	140585332	140646188	5	COSS2340107
8	131027338	146298155	5	COSS2340109
8	130990683	131027062	8	COSS2340109
8	141689757	145988012	4	COSS2340227
8	141117789	141591739	3	COSS2340227
8	133292340	133946133	0	COSS2340240
8	124114560	146300622	4	COSS2340338
8	121241923	127571356	3	COSS2340339
8	127574322	129089886	4	COSS2340339
8	120913535	121240646	4	COSS2340339
8	132324466	146282516	2	COSS2340340
8	120549981	120913535	3	COSS2340340
8	120915162	121240646	4	COSS2340340
8	127581487	129090402	4	COSS2340340
8	129090555	132323229	3	COSS2340340
8	127958586	129186266	5	COSS2340342
8	141762558	145988012	5	COSS2340415
8	133993446	142857551	4	COSS2340417
8	142858149	146273484	3	COSS2340417
8	130888404	133992758	6	COSS2340417
8	129076284	146279735	4	COSS2340501
8	124671876	146300622	4	COSS2340576
8	114624056	146279735	4	COSS2340578
8	124658404	146300622	4	COSS2340654
8	119944794	120836663	3	COSS2340656
8	125389193	129136454	5	COSS2340657
8	129138272	132942751	3	COSS2340657
8	116849186	124934256	3	COSS2340659
8	124934558	139579399	3	COSS2340659
8	139579533	139880175	5	COSS2340659
8	139889287	140682446	3	COSS2340659
8	128743093	136762575	4	COSS2340782
8	136763200	146175510	3	COSS2340782
8	139405412	140661285	3	COSS2340783
8	128376801	129074902	5	COSS2340784
8	139355791	139745845	7	COSS2340919
8	141540556	145988012	6	COSS2340977
8	141113240	141526311	4	COSS2340977
8	124150413	146300622	5	COSS2340979
8	132941814	133326153	2	COSS2340980
8	127394134	132941814	3	COSS2340981
8	125431834	127382601	5	COSS2340981
8	125390894	126896886	7	COSS2340982
8	129131491	132942751	3	COSS2340982
8	121112877	124754423	4	COSS2340983
8	135039592	139579533	3	COSS2340983
8	139579964	139914569	4	COSS2340983
8	129988219	139585176	3	COSS2341052
8	139586110	139889287	3	COSS2341052
8	128028609	140645504	5	COSS2385942
8	131788657	132016011	5	COSS2385948
8	120713652	120899248	6	COSS2385948
8	120582871	120712679	6	COSS2385948
8	131216360	131784162	7	COSS2385948
8	133130744	133139094	5	COSS2385964
8	121005591	121045044	5	COSS2385991
8	119723732	122818144	5	COSS2385994
8	127399229	136654481	5	COSS2385994
8	136902848	140582014	5	COSS2386002
8	123552796	136902755	6	COSS2386002
8	144664299	144683934	0	COSS2386016
8	115918165	140566270	7	COSS2386017
8	140566622	146298155	6	COSS2386017
8	126504535	128226673	7	COSS2386023
8	114604167	115631436	6	COSS2386023
8	124978712	126500508	8	COSS2386023
8	130999262	131025034	7	COSS2386026
8	131894432	131904701	4	COSS2457535
8	131904974	133151734	7	COSS2457535
8	133453586	139499127	6	COSS2457535
8	139501740	146295193	5	COSS2457535
8	133154598	133183642	4	COSS2457535
8	133186253	133291579	6	COSS2457535
8	133292826	133451891	4	COSS2457535
8	129474882	130947211	1	COSS2457537
8	117415806	129104321	3	COSS2457541
8	115393242	117415469	2	COSS2457541
8	128219302	135593713	3	COSS2457547
8	135794086	146282516	3	COSS2457547
8	135598132	135759990	2	COSS2457547
8	140788299	141206201	1	COSS2457552
8	139458322	140318866	1	COSS2457554
8	145051114	146295193	5	COSS2457556
8	130697318	146255431	3	COSS2457560
8	120933341	146282531	5	COSS2457562
8	131136035	146296618	1	COSS2457572
8	124982215	131123327	4	COSS2457572
8	140383888	146300622	3	COSS2457577
8	124920252	140355393	5	COSS2457577
8	143563087	146068710	6	COSS2457578
8	130437928	130876204	1	COSS2457588
8	139745582	146266138	3	COSS2457596
8	119503663	121078314	4	COSS2457596
8	121093857	137797344	3	COSS2457596
8	137797555	139743908	4	COSS2457596
8	140334092	146280471	3	COSS2743786
8	123540703	140333788	5	COSS2743786
8	128747471	146300287	3	COSS2743789
10	46691159	47542094	5	COSS1797153
10	47102945	47542094	5	COSS1797186
10	49762429	49766929	6	COSS1797187
10	46981340	47541189	5	COSS1797189
10	25845278	25865876	0	COSS1797218
10	49726543	49740226	0	COSS1797220
10	46954524	47960476	6	COSS1797230
10	50300179	50308650	0	COSS1915861
10	46485761	48341334	6	COSS1915871
10	13097737	13118452	0	COSS1915881
10	12398501	13008100	1	COSS2120204
10	49649701	51390800	1	COSS2120209
10	45303401	100665400	1	COSS2120210
10	27593427	27702509	0	COSS2121456
10	19415587	19831958	0	COSS2121459
10	46148750	48344576	5	COSS2121463
10	47102948	48005227	5	COSS2121491
10	24377676	24378054	0	COSS2121495
10	21822856	25980906	3	COSS2197585
10	22287722	49201407	3	COSS2197586
10	14716516	14734417	0	COSS2197601
10	24377674	24380930	0	COSS2197604
10	31246510	31251779	0	COSS2262842
10	21378598	21416541	6	COSS2262843
10	24377675	24378054	0	COSS2262845
10	34848853	34911939	1	COSS2263019
10	46256368	47055711	5	COSS2263134
10	47062311	47742076	7	COSS2263134
10	51496796	51735651	1	COSS2263135
10	43055661	47703613	3	COSS2263538
10	47703946	75135446	3	COSS2263538
10	45449678	77682815	3	COSS2339422
10	28560610	31937548	3	COSS2339423
10	31939485	34247084	2	COSS2339423
10	34512759	34894899	2	COSS2339423
10	34958841	35792573	2	COSS2339423
10	35793263	37165771	4	COSS2339423
10	37169295	38019644	3	COSS2339423
10	38020337	66692350	3	COSS2339423
10	39133889	66692350	3	COSS2339424
10	37172244	38019644	4	COSS2339424
10	47129684	47657676	0	COSS2339434
10	14698952	14725088	0	COSS2339442
10	46072872	46083500	0	COSS2339452
10	15339390	18614622	3	COSS2339701
10	30626669	31177181	3	COSS2339701
10	49727562	99416303	3	COSS2339701
10	30668786	31937548	3	COSS2339702
10	34498398	34894899	2	COSS2339702
10	43464586	44075698	1	COSS2339703
10	44078656	44127840	1	COSS2339703
10	49836670	49970226	1	COSS2339703
10	52240137	52305082	1	COSS2339703
10	49866332	49908051	1	COSS2339704
10	49908397	52234904	1	COSS2339704
10	21390313	21414193	6	COSS2339725
10	24375263	24378054	0	COSS2339729
10	15711480	35186721	3	COSS2339930
10	35190438	86058770	4	COSS2339930
10	21857241	45448327	3	COSS2339931
10	22818022	46911592	1	COSS2339932
10	22346585	22807282	0	COSS2339932
10	47151025	70637445	1	COSS2339932
10	46965833	47147972	1	COSS2339932
10	49763247	49766929	0	COSS2339943
10	30696503	31936553	3	COSS2340100
10	35799195	37169295	4	COSS2340100
10	37170407	38019644	3	COSS2340100
10	31937548	34247084	2	COSS2340100
10	18448322	34222978	3	COSS2340227
10	34224901	63966912	4	COSS2340227
10	31016432	32539882	1	COSS2340228
10	49752146	99351793	3	COSS2340229
10	37569913	37590839	0	COSS2340241
10	27987273	28451524	3	COSS2340339
10	30624741	31177181	3	COSS2340340
10	49728916	57682184	3	COSS2340340
10	15712178	63893358	3	COSS2340415
10	17420245	86852648	1	COSS2340417
10	43465043	52232747	1	COSS2340501
10	52234904	52306053	1	COSS2340501
10	49873738	49908051	1	COSS2340577
10	44137007	49875425	4	COSS2340579
10	49876841	49908397	1	COSS2340579
10	49908784	52234904	4	COSS2340579
10	52306053	52815684	4	COSS2340579
10	14186139	18235101	3	COSS2340652
10	36957317	56444429	4	COSS2340655
10	31094499	36928820	2	COSS2340655
10	20890984	35184378	1	COSS2340656
10	28487042	31936467	3	COSS2340657
10	31936553	34241556	1	COSS2340657
10	34245429	35792573	2	COSS2340657
10	34894899	35792573	3	COSS2340658
10	37172229	38019644	3	COSS2340658
10	47147972	57031356	1	COSS2340659
10	24558807	37271833	1	COSS2340659
10	37278599	46911592	1	COSS2340659
10	20759244	24554196	1	COSS2340659
10	24556356	24558277	0	COSS2340659
10	38019644	48654049	3	COSS2340783
10	49396387	66692350	3	COSS2340783
10	42428055	86851682	4	COSS2340919
10	17554160	42427995	3	COSS2340919
10	38571064	55338240	5	COSS2340978
10	42526835	64678682	3	COSS2340981
10	34247084	35780430	2	COSS2340981
10	35781244	37163932	3	COSS2340981
10	37165771	38026980	2	COSS2340981
10	38027083	42525269	3	COSS2340981
10	38021143	66692350	4	COSS2340982
10	46259207	47145739	0	COSS2340983
10	50301665	50317778	1	COSS2385934
10	50302895	50317778	0	COSS2385936
10	25835632	25877576	0	COSS2385938
10	20101925	20126295	5	COSS2385960
10	30834632	31040363	6	COSS2385991
10	50041123	50063482	1	COSS2386025
10	47077739	47545688	5	COSS2457413
10	46932195	48345037	5	COSS2457414
10	51094328	51463843	2	COSS2457532
10	49393828	49890875	2	COSS2457535
10	50639616	51095665	2	COSS2457535
10	51728314	56973794	2	COSS2457535
10	21340772	23288759	1	COSS2457536
10	46971303	47965034	4	COSS2457541
10	38505711	39152417	1	COSS2457544
10	42397373	46283686	1	COSS2457544
10	46289383	47746235	1	COSS2457544
10	47638768	135498976	2	COSS2457553
10	46907776	47638698	2	COSS2457553
10	46910090	47716284	2	COSS2457554
10	46221417	47721095	2	COSS2457557
10	35133900	42490258	1	COSS2457559
10	42491173	52499880	1	COSS2457559
10	32833121	33306432	1	COSS2457559
10	35010993	35129874	1	COSS2457559
10	45664423	135380361	1	COSS2457563
10	39074182	62979820	2	COSS2457565
10	21735144	25430684	1	COSS2457571
10	47022008	47338265	3	COSS2457572
10	12338626	14500874	1	COSS2457581
10	49783540	50905158	1	COSS2457585
10	46975255	47681957	2	COSS2457588
10	29015065	29366521	1	COSS2457589
10	42603638	135499695	1	COSS2457590
10	38506345	39152417	1	COSS2457597
10	43232419	62351921	1	COSS2457604
10	37089153	45115167	1	COSS2743786
10	42433583	83813700	5	COSS2743787
10	30008663	42433500	7	COSS2743787
10	21595735	22095737	2	COSS2743790
10	46971707	47002542	1	COSS2743794
10	47064380	48348154	1	COSS2743794
10	48369919	51135160	1	COSS2743794
10	51723270	54264966	1	COSS2743794
10	45888714	135498976	2	COSS2743795
12	72406958	88244628	5	COSS1797167
12	63950675	64192389	0	COSS1797168
12	77409513	78032927	1	COSS2120208
12	46444701	49053200	1	COSS2120209
12	57200000	57900000	1	COSS2120209
12	75997501	76800200	1	COSS2120209
12	53800000	54800000	1	COSS2120209
12	63125201	66621900	1	COSS2120212
12	52921215	52925969	5	COSS2121462
12	51476484	51725535	1	COSS2121470
12	63939724	64127893	7	COSS2121484
12	78934816	79486883	3	COSS2197582
12	63932963	64128225	5	COSS2197614
12	52920414	52927915	7	COSS2197618
12	65455157	65491163	0	COSS2262851
12	50478449	53682986	1	COSS2263360
12	56456266	56824207	1	COSS2263360
12	47169278	49174198	1	COSS2263360
12	66463083	133840986	4	COSS2339421
12	55499040	62729782	4	COSS2339421
12	62730305	66462962	2	COSS2339421
12	55174733	55498745	6	COSS2339421
12	41099226	41173781	1	COSS2339422
12	71921663	104010660	4	COSS2339423
12	71994530	104010020	4	COSS2339424
12	42878604	42878604	0	COSS2339443
12	61014136	63610295	3	COSS2339701
12	63611353	92299169	4	COSS2339701
12	71833681	104010660	4	COSS2339702
12	63675857	129637308	3	COSS2339703
12	63634929	129637308	3	COSS2339704
12	42913235	44347675	2	COSS2339930
12	44369103	53842472	3	COSS2339930
12	41286021	42912131	3	COSS2339930
12	53849996	55526358	4	COSS2339930
12	55526917	74032340	5	COSS2339930
12	74034517	110829254	6	COSS2339930
12	41181240	102149981	3	COSS2339931
12	66740636	68845940	3	COSS2339932
12	68846196	69799224	3	COSS2339932
12	43949853	47126507	3	COSS2339932
12	58838688	59074758	3	COSS2339932
12	59279660	61669400	3	COSS2339932
12	69803051	71226480	3	COSS2339932
12	52928493	52939828	0	COSS2339939
12	72513196	104014473	4	COSS2340100
12	76104713	77154726	5	COSS2340101
12	64649312	66461016	5	COSS2340101
12	67045677	70782854	5	COSS2340101
12	45342567	47422574	5	COSS2340101
12	72367655	72384389	5	COSS2340109
12	53912599	110829254	5	COSS2340227
12	61012098	63610295	3	COSS2340229
12	52678900	52716027	6	COSS2340230
12	52718206	52787221	6	COSS2340230
12	48272275	53442129	2	COSS2340338
12	53442956	133469670	4	COSS2340338
12	63722899	92261220	4	COSS2340339
12	53852074	100047121	5	COSS2340415
12	44282132	53849996	4	COSS2340415
12	47888496	133840986	3	COSS2340417
12	63673968	107872729	4	COSS2340501
12	63674665	129651596	3	COSS2340577
12	48244559	53442129	1	COSS2340654
12	58077416	121113847	3	COSS2340656
12	71918578	104001220	4	COSS2340657
12	72632311	104001220	4	COSS2340658
12	66744983	68874330	3	COSS2340659
12	68877237	69734375	4	COSS2340659
12	69734781	70082540	4	COSS2340659
12	70084577	71226480	3	COSS2340659
12	57905317	58900477	3	COSS2340723
12	55173965	55499177	3	COSS2340723
12	65642763	92241372	4	COSS2340781
12	65081495	65641985	5	COSS2340781
12	63676004	129635711	3	COSS2340784
12	47715453	133840986	5	COSS2340919
12	44291693	53842472	4	COSS2340978
12	69792216	71227175	3	COSS2340983
12	77779661	78041107	3	COSS2340983
12	43941387	47126507	3	COSS2340983
12	63663877	129637308	3	COSS2340984
12	43946204	45025692	3	COSS2341052
12	45026274	45655740	3	COSS2341052
12	45656751	47125031	3	COSS2341052
12	66744199	68863166	3	COSS2341052
12	68863228	69734375	4	COSS2341052
12	70114699	71231223	3	COSS2341052
12	55679062	55814212	5	COSS2385948
12	58980315	61250980	0	COSS2457538
12	64060694	65104721	1	COSS2457548
12	59499325	68742941	1	COSS2457549
12	62952901	64970096	1	COSS2457556
12	65827902	66206166	1	COSS2457556
12	70399714	72836959	3	COSS2457560
12	62660483	77979829	3	COSS2457562
12	77980345	92014240	2	COSS2457562
12	77770555	86074087	3	COSS2457567
12	63924808	66764306	1	COSS2457573
12	56466473	85110901	3	COSS2457577
12	61980912	85247925	4	COSS2457581
12	57867562	60617356	2	COSS2457581
12	72483647	73690056	1	COSS2457593
12	66058545	66870665	1	COSS2457596
12	48560820	49226743	0	COSS2457606
12	67055315	68708761	1	COSS2457606
12	47359396	47939996	1	COSS2457606
12	72328238	75138070	2	COSS2743789
17	78074446	78096086	0	COSS1797168
17	78072180	78096086	0	COSS1797193
17	63972686	63996487	5	COSS1797203
17	63972478	64014951	5	COSS1797214
17	63643988	63653506	0	COSS1915858
17	79506958	79922072	1	COSS2120210
17	74497101	77901700	1	COSS2120213
17	63644243	63653506	0	COSS2121478
17	72646089	72676363	0	COSS2197605
17	57992783	61591555	5	COSS2197618
17	73759552	75122508	1	COSS2263302
17	69093748	70916580	3	COSS2263648
17	74447351	74456805	5	COSS2339441
17	60040233	62038496	3	COSS2339701
17	62039355	68257738	3	COSS2339701
17	70589244	71284412	3	COSS2339701
17	76542542	79206789	5	COSS2339930
17	78660946	79998948	4	COSS2339932
17	61362681	61925498	6	COSS2339932
17	61927473	62635921	4	COSS2339932
17	68925507	71766450	5	COSS2339932
17	71767153	77240105	3	COSS2339932
17	58508618	58604461	4	COSS2339932
17	58604594	59735681	3	COSS2339932
17	59739005	61361805	4	COSS2339932
17	62636107	63343172	5	COSS2339932
17	63343928	65441699	4	COSS2339932
17	65442127	68923526	3	COSS2339932
17	77545371	78660226	5	COSS2339932
17	77240122	77544297	5	COSS2339932
17	80985269	81004770	0	COSS2339934
17	76654585	79998702	3	COSS2340227
17	76264395	79968423	1	COSS2340228
17	76056153	76264287	3	COSS2340228
17	62038496	68257738	3	COSS2340229
17	70581716	71233631	3	COSS2340229
17	59994623	62037685	3	COSS2340229
17	57783358	57976658	1	COSS2340238
17	70318866	79989546	4	COSS2340338
17	62800190	64093570	2	COSS2340338
17	64095247	69404748	4	COSS2340338
17	69406850	70299661	2	COSS2340338
17	62017421	68247566	3	COSS2340339
17	70590522	71226761	3	COSS2340339
17	59999805	62017043	3	COSS2340339
17	60006022	62039355	3	COSS2340340
17	62041317	68257940	3	COSS2340340
17	76601363	79998702	4	COSS2340415
17	62515017	64093570	2	COSS2340576
17	62509325	64093570	2	COSS2340654
17	62719970	64093570	2	COSS2340655
17	76605122	76821276	3	COSS2340659
17	76825450	77240122	4	COSS2340659
17	77254622	77542643	3	COSS2340659
17	60024391	62038496	3	COSS2340781
17	76567332	79998702	4	COSS2340977
17	76599328	79998702	4	COSS2340978
17	78057575	79998948	3	COSS2340983
17	68908990	78057090	3	COSS2340983
17	59740122	63343172	3	COSS2340983
17	65367220	68908954	3	COSS2340983
17	57652789	59739005	3	COSS2340983
17	71765948	72938048	1	COSS2341052
17	77255810	77543561	3	COSS2341052
17	78685626	81151920	3	COSS2341053
17	57415920	61334783	3	COSS2341053
17	75750768	76093677	0	COSS2385948
17	63644331	63677639	0	COSS2385956
17	75722432	76131135	5	COSS2386023
17	69605786	78919558	1	COSS2457544
17	67614090	71988350	1	COSS2457550
17	72508051	81153724	1	COSS2457553
17	78849211	81153240	3	COSS2457556
17	72814576	76377673	1	COSS2457557
17	62779869	64331984	1	COSS2457584
17	75590582	76092553	1	COSS2457584
17	78103013	79032168	1	COSS2457587
17	73284182	77019819	1	COSS2457591
17	58016271	59090183	1	COSS2457604
17	60556122	65826943	1	COSS2743786
17	70004355	70219054	2	COSS2743789
19	51327710	51345568	0	COSS1797153
19	51575281	51609586	0	COSS1797175
19	43484495	43565531	5	COSS1797178
19	34224816	34231542	0	COSS1797178
19	53871390	53925653	0	COSS1797215
19	44399084	44418991	0	COSS1797218
19	57979166	57990956	0	COSS1797218
19	37472211	37481153	6	COSS1797222
19	43566924	43794153	0	COSS1797229
19	41451664	41508020	0	COSS1797229
19	43323314	43740965	0	COSS1915861
19	52142352	52148197	0	COSS1915861
19	43556843	43856684	0	COSS1915873
19	33870324	33885118	1	COSS1915880
19	42687501	43727000	1	COSS2120209
19	33095801	36694000	1	COSS2120210
19	52513739	52705860	1	COSS2120210
19	52815702	56192800	1	COSS2120210
19	47600640	47800000	1	COSS2120212
19	55283843	55348691	0	COSS2121488
19	33870487	33889369	0	COSS2121492
19	49287211	49881991	3	COSS2197588
19	41360172	41392154	0	COSS2197596
19	43542831	43852707	0	COSS2197613
19	42678055	43076058	0	COSS2197615
19	56010126	56800425	5	COSS2197618
19	43268623	43603371	6	COSS2262843
19	52142930	52148197	0	COSS2262855
19	33876394	33889369	0	COSS2262864
19	43290773	43596971	1	COSS2263129
19	52127053	52190559	0	COSS2263138
19	48702219	48715269	0	COSS2263307
19	44141748	47696336	1	COSS2339422
19	43294390	43623568	5	COSS2339435
19	33094452	33100901	0	COSS2339435
19	41167251	44168281	0	COSS2339701
19	32176454	33802790	3	COSS2339701
19	47475838	48467484	3	COSS2339701
19	50358133	51449791	3	COSS2339701
19	39264829	44893074	3	COSS2339930
19	31499573	35535332	3	COSS2339930
19	35565968	39260198	4	COSS2339930
19	44904097	47642780	1	COSS2339930
19	47661493	59101970	3	COSS2339930
19	44101361	47696336	1	COSS2339931
19	51380602	54908607	4	COSS2339932
19	57517611	59118096	3	COSS2339932
19	43713734	43756237	0	COSS2339933
19	43321137	43637216	1	COSS2339935
19	36825248	37699183	5	COSS2340101
19	52142615	52148197	0	COSS2340104
19	39251197	44883469	3	COSS2340227
19	31595953	35565968	3	COSS2340227
19	35566917	39250800	4	COSS2340227
19	44893074	47642780	1	COSS2340227
19	42591484	46000901	1	COSS2340228
19	47481682	48208155	3	COSS2340229
19	50588975	51413906	3	COSS2340229
19	32153007	33800006	3	COSS2340229
19	48467571	50359987	3	COSS2340339
19	50360823	51463240	3	COSS2340339
19	41206060	44168281	1	COSS2340339
19	32142837	33802790	3	COSS2340339
19	47543998	48467484	3	COSS2340339
19	41292676	44169738	0	COSS2340340
19	50368361	51451087	3	COSS2340340
19	42576952	46000901	1	COSS2340652
19	41680607	42575370	1	COSS2340652
19	46034558	49520315	1	COSS2340652
19	44171283	47699707	1	COSS2340656
19	53377037	54902759	3	COSS2340659
19	55800329	56077272	3	COSS2340659
19	36927932	37378825	3	COSS2340659
19	36155347	51589473	5	COSS2340919
19	55682977	59118148	4	COSS2340919
19	51593929	55682966	4	COSS2340919
19	39260198	44904097	3	COSS2340977
19	44913298	47642780	1	COSS2340977
19	35535332	39251923	4	COSS2340977
19	31516764	35535289	3	COSS2340977
19	31446002	35500919	3	COSS2340978
19	35516926	39260198	4	COSS2340978
19	36561097	39552338	3	COSS2340983
19	37378025	43265684	1	COSS2341052
19	43266210	47037305	1	COSS2341052
19	49152955	49630863	3	COSS2341052
19	51425404	51593160	5	COSS2385940
19	42723022	42947152	0	COSS2385940
19	42305813	42313828	7	COSS2385943
19	49364511	49416456	0	COSS2385954
19	54188455	54656298	6	COSS2385980
19	51628529	51658453	6	COSS2385991
19	42631837	44581588	0	COSS2385999
19	43309312	43794153	0	COSS2386005
19	42306043	42313828	5	COSS2386007
19	52074414	52131636	1	COSS2386024
19	39921479	39955634	0	COSS2386026
19	43001722	43096394	0	COSS2457412
19	42597763	42884858	0	COSS2457415
19	42899025	42941393	0	COSS2457415
19	54337509	55522652	0	COSS2457544
19	36648471	40205858	0	COSS2457544
19	40209616	41428407	0	COSS2457544
19	44908313	44975347	0	COSS2457544
19	53003883	53133516	1	COSS2457544
19	53338595	53596520	1	COSS2457544
19	43431341	43637577	2	COSS2457552
19	42724483	44219333	1	COSS2457557
19	55246150	55341133	2	COSS2457570
19	43302894	43478815	2	COSS2457572
19	57160362	59113232	2	COSS2457581
19	43474894	48403215	1	COSS2743786
19	49621964	49689304	2	COSS2743790
20	52628804	52704181	0	COSS1797160
20	62892756	62956153	0	COSS1797218
20	41181079	41228600	0	COSS1797223
20	42647643	42664594	5	COSS1915863
20	42648363	42664594	6	COSS1915865
20	52653020	52654644	0	COSS1915886
20	45358601	46625500	1	COSS2120203
20	43411801	44412800	1	COSS2120205
20	49054101	50795100	1	COSS2120205
20	31385269	31938534	1	COSS2263360
20	29423270	62955966	6	COSS2339421
20	49634885	62954871	3	COSS2339422
20	29429945	62955706	3	COSS2339423
20	24629040	24650340	0	COSS2339435
20	29437210	62955706	3	COSS2339702
20	29639234	62940904	4	COSS2339930
20	53492619	62954871	3	COSS2339931
20	49636803	51381201	3	COSS2339931
20	51392774	53472421	3	COSS2339931
20	44332298	55620155	3	COSS2339932
20	56361769	59470380	3	COSS2339932
20	59471314	60053650	4	COSS2339932
20	60054447	62917506	6	COSS2339932
20	55620602	56358006	4	COSS2339932
20	30154237	62955706	3	COSS2340100
20	29804073	30152281	2	COSS2340100
20	29804978	62940904	4	COSS2340227
20	24970867	25262769	1	COSS2340228
20	33424151	33592763	3	COSS2340228
20	50281549	62940904	2	COSS2340339
20	29976949	50281290	3	COSS2340339
20	61497699	62940904	4	COSS2340415
20	50720185	61455638	4	COSS2340415
20	61455666	61486885	6	COSS2340415
20	45251796	50653583	4	COSS2340415
20	50666036	50707474	4	COSS2340415
20	40792017	45246792	4	COSS2340415
20	45246819	45250891	3	COSS2340415
20	40789682	40790633	3	COSS2340415
20	52971883	62880369	4	COSS2340417
20	40536320	48934778	3	COSS2340417
20	51149657	52514473	5	COSS2340417
20	52515516	52968195	2	COSS2340417
20	33702831	35067384	3	COSS2340417
20	48937467	49839085	5	COSS2340417
20	49850156	51119238	2	COSS2340417
20	35068018	40530674	1	COSS2340417
20	29425717	33702104	1	COSS2340417
20	24156508	26311428	3	COSS2340417
20	25262769	62947828	1	COSS2340652
20	25020047	25262396	0	COSS2340652
20	33287078	33593457	3	COSS2340653
20	44334394	55681183	3	COSS2340659
20	55681324	56358006	4	COSS2340659
20	29421323	29649222	3	COSS2340659
20	52972517	62880369	7	COSS2340919
20	40509773	48937467	4	COSS2340919
20	35156746	40507319	2	COSS2340919
20	29469969	33701107	2	COSS2340919
20	33701652	35156142	4	COSS2340919
20	48938580	49838142	8	COSS2340919
20	49839085	50870937	4	COSS2340919
20	50922767	52514473	6	COSS2340919
20	61290360	62940904	4	COSS2340978
20	29432185	62955706	3	COSS2340980
20	26306351	62955706	3	COSS2340981
20	56199626	59484644	3	COSS2340983
20	59484714	62917506	4	COSS2340983
20	48572787	50601191	3	COSS2340983
20	55658292	56198123	4	COSS2340983
20	48226845	48560396	4	COSS2340983
20	50602112	55657644	3	COSS2340983
20	55646681	56356105	4	COSS2341052
20	56357134	60054447	3	COSS2341052
20	60056337	62917506	4	COSS2341052
20	59955035	59961409	0	COSS2385969
20	25599009	25904920	6	COSS2386008
20	47359951	47381634	0	COSS2386015
20	41787164	41827909	1	COSS2386029
20	24614890	24738226	0	COSS2386035
20	61024498	61075832	5	COSS2457414
20	35822251	38397211	5	COSS2457535
20	38824929	62940904	5	COSS2457535
20	35580985	35650402	2	COSS2457535
20	55215422	62949861	3	COSS2457536
20	54588928	55660161	1	COSS2457540
20	42180065	43931476	1	COSS2457541
20	58624412	59959436	1	COSS2457548
20	45996585	47666418	1	COSS2457563
20	59129185	62947828	4	COSS2457573
20	58144187	59107323	1	COSS2457573
20	38221433	39416370	1	COSS2457585
20	40801233	48321285	3	COSS2457596
20	33674378	37549309	3	COSS2457596
20	31102251	33072578	3	COSS2457596
20	25855595	30242896	3	COSS2457596
20	52277348	53620659	3	COSS2457596
20	35510689	37912138	1	COSS2457597
20	51182019	51639389	1	COSS2457597
20	56066837	56766617	1	COSS2457597
20	62469998	62955706	1	COSS2457604
20	56800608	62955706	2	COSS2743790
20	36978510	37565335	2	COSS2743795
21	31202475	31230702	0	COSS1797160
21	48027880	48096957	1	COSS1797166
21	40007704	40044274	1	COSS1797173
21	45240137	45610518	0	COSS1797175
21	44452813	44458098	0	COSS1797184
21	31201827	31220453	0	COSS1797203
21	42842608	42856820	0	COSS1797227
21	39830556	42872410	0	COSS1915859
21	45969524	45991038	0	COSS1915876
21	40102546	42871282	1	COSS2120203
21	40858401	48077600	1	COSS2120203
21	42744401	42870500	1	COSS2120203
21	39875197	42867820	1	COSS2120204
21	39856001	42742600	1	COSS2120206
21	39875674	42867868	1	COSS2120209
21	40599401	42869100	1	COSS2120211
21	37551501	42856300	1	COSS2120213
21	43036501	43245400	1	COSS2120213
21	47323928	47343376	5	COSS2121459
21	31808361	31833353	5	COSS2121484
21	42864227	43887160	0	COSS2121486
21	42694667	42814495	0	COSS2121486
21	39822162	42883171	1	COSS2197578
21	39861730	42865324	1	COSS2197579
21	39871220	42868206	1	COSS2197581
21	39828922	42844938	3	COSS2197582
21	40373397	42798173	3	COSS2197585
21	39868781	42809136	2	COSS2197586
21	42843053	42864743	0	COSS2197607
21	39866905	39898389	1	COSS2197609
21	42699664	42868337	0	COSS2262858
21	30519827	30536886	0	COSS2262863
21	39871435	40843737	1	COSS2263303
21	39937005	42876400	1	COSS2263360
21	40012667	42869606	1	COSS2263361
21	40103951	42865906	1	COSS2263565
21	39955226	42865151	1	COSS2263648
21	42875652	48101335	6	COSS2339421
21	39845940	42869734	2	COSS2339421
21	25439649	39861864	3	COSS2339423
21	42261858	45079245	3	COSS2339423
21	45082365	48101335	5	COSS2339423
21	39864584	41608372	4	COSS2339423
21	41610796	41787939	2	COSS2339423
21	41789960	42251261	4	COSS2339423
21	41611578	41787939	2	COSS2339424
21	39879440	39930706	0	COSS2339431
21	31659442	31699793	0	COSS2339442
21	42817582	42863723	1	COSS2339447
21	41247892	42816066	0	COSS2339447
21	28227905	28839569	0	COSS2339453
21	39868997	39892115	0	COSS2339460
21	45169005	45724054	3	COSS2339701
21	39858902	42879236	4	COSS2339930
21	42897136	48104004	3	COSS2339930
21	40909584	40979885	1	COSS2339931
21	28695655	30839539	3	COSS2339932
21	40925998	41558278	3	COSS2339932
21	47317468	47340305	6	COSS2339933
21	47308027	47375268	5	COSS2339939
21	47375801	47496911	0	COSS2339939
21	32849502	32856306	7	COSS2339943
21	36937888	41608372	4	COSS2340100
21	39747598	48096957	2	COSS2340105
21	38968030	39747193	0	COSS2340105
21	39883138	42864074	1	COSS2340228
21	39799126	39813955	1	COSS2340228
21	34453191	34888940	3	COSS2340229
21	45166979	45746337	3	COSS2340229
21	40516308	42868888	3	COSS2340338
21	42869063	48038575	4	COSS2340338
21	39878982	40516070	2	COSS2340338
21	39725516	42861332	4	COSS2340415
21	42826551	42871451	0	COSS2340503
21	40516872	42860494	3	COSS2340576
21	42868888	48038575	4	COSS2340576
21	42864692	48104004	1	COSS2340652
21	39815212	39881848	3	COSS2340653
21	40522419	42860494	2	COSS2340655
21	44822178	48101335	5	COSS2340657
21	41615161	41787939	1	COSS2340657
21	42308684	45079245	2	COSS2340658
21	46056784	46428137	3	COSS2340659
21	34532398	35167520	3	COSS2340659
21	40924107	41558278	3	COSS2340659
21	34447739	34888940	3	COSS2340781
21	25431181	41608372	4	COSS2340783
21	45072321	48101335	5	COSS2340783
21	42861181	47832917	5	COSS2340919
21	39945634	42860494	2	COSS2340919
21	39833768	42861332	4	COSS2340978
21	36975473	41608372	4	COSS2340980
21	39853336	41608372	4	COSS2340982
21	40929648	41558278	3	COSS2340983
21	28696476	30840513	3	COSS2340983
21	39649549	40925998	3	COSS2340983
21	46053099	46428137	3	COSS2341052
21	42671044	42872410	2	COSS2385934
21	41565985	41575505	5	COSS2385969
21	42836986	42871220	1	COSS2385971
21	35831628	35841740	0	COSS2385979
21	47323742	47343376	5	COSS2385987
21	42848814	43076296	1	COSS2386031
21	42877382	48101335	3	COSS2457536
21	39871276	42876400	2	COSS2457536
21	28227868	29238802	0	COSS2457544
21	38688640	39038990	1	COSS2457544
21	42153216	42330525	1	COSS2457544
21	39896191	42868206	1	COSS2457546
21	39818838	42864743	3	COSS2457553
21	42865151	48089602	2	COSS2457553
21	39881848	42878126	3	COSS2457556
21	39879350	42878126	1	COSS2457559
21	41933878	48104004	2	COSS2457565
21	37366925	40102976	2	COSS2457567
21	40893224	44854995	1	COSS2457573
21	44922512	48101335	3	COSS2457573
21	39943804	42875404	1	COSS2457574
21	42868206	48100711	2	COSS2457581
21	40494979	42657221	2	COSS2457581
21	39871042	42871941	1	COSS2457584
21	41589096	41709389	1	COSS2457585
21	39872696	42782631	1	COSS2457592
21	42818790	42868206	0	COSS2457592
21	39831796	42868997	1	COSS2457598
21	39967221	42882671	1	COSS2457603
21	39844933	47508692	1	COSS2457605
21	40054149	42883228	1	COSS2743786
21	39852396	42868888	2	COSS2743790
21	42871220	48101335	3	COSS2743792
22	25658525	25925017	6	COSS1797159
22	16052528	17134838	5	COSS1797175
22	30128394	30482753	0	COSS1797175
22	37298344	37315988	0	COSS1797209
22	24350529	24402442	0	COSS1915857
22	32918900	32935220	0	COSS1915862
22	25719288	25917730	5	COSS1915876
22	17600000	18000000	1	COSS2120205
22	26765701	38008200	1	COSS2120209
22	26870249	26949627	1	COSS2121479
22	32575214	32592120	0	COSS2197614
22	18876428	19026061	0	COSS2262843
22	24337949	24394015	6	COSS2262851
22	32575149	32625231	0	COSS2262852
22	36984197	36995336	1	COSS2262859
22	32574683	32592120	0	COSS2263015
22	33163348	33168882	6	COSS2263130
22	38541936	38662396	1	COSS2263303
22	41838792	51211392	1	COSS2263438
22	36625885	41837541	3	COSS2263438
22	32159137	36625504	1	COSS2263438
22	16059973	32155445	1	COSS2263438
22	17464217	18716200	1	COSS2263565
22	16052513	51234632	4	COSS2339421
22	29300306	31269579	3	COSS2339423
22	25664249	25930806	0	COSS2339425
22	19279009	24191014	1	COSS2339701
22	24192081	25660704	0	COSS2339701
22	25690368	25950750	1	COSS2339701
22	35862913	45631441	3	COSS2339930
22	26990807	27159406	3	COSS2339932
22	25650176	25925358	0	COSS2339952
22	29305061	31218133	3	COSS2340100
22	35902517	45631441	3	COSS2340227
22	24460790	25001121	1	COSS2340228
22	26698892	26909750	3	COSS2340228
22	24158265	25660704	1	COSS2340229
22	25663985	25911336	0	COSS2340241
22	26019328	51219461	1	COSS2340340
22	16051249	51237063	3	COSS2340579
22	25003827	26697195	3	COSS2340653
22	24191014	25644827	1	COSS2340781
22	25660704	25950750	1	COSS2340781
22	35901373	45461782	3	COSS2340977
22	35903328	45603212	3	COSS2340978
22	28486416	29277023	1	COSS2385946
22	24344422	24401529	0	COSS2386008
22	32573443	32592120	1	COSS2386024
22	16052618	51193227	2	COSS2457535
22	17384855	21938224	0	COSS2457544
22	22076699	22661155	0	COSS2457544
22	22939608	23797721	1	COSS2457544
22	34191647	34254562	1	COSS2457544
22	34465308	35632208	1	COSS2457544
22	17094670	17368570	1	COSS2457544
22	25664315	25919777	3	COSS2457577
22	33169975	51229805	4	COSS2457581
22	29058409	29979059	1	COSS2457592
22	30633791	43156705	1	COSS2743786
22	16123812	51222052	3	COSS2743787
22	20029878	20916667	2	COSS2743788
22	30344851	32417939	2	COSS2743788
22	40526214	40689379	1	COSS2743794
