CHROMOSOME	GENOME_START	GENOME_STOP	TOTAL_CN	COSMIC_SAMPLE_ID
5	180378710	180418103	0	COSS1780197
8	39831647	105386450	5	COSS1780126
2	242695900	243089456	0	COSS1780157
17	1263766	2460050	2	COSS1780144
15	76891511	76895774	0	COSS2194822
3	142823106	142848334	0	COSS1780091
3	62004078	62012687	5	COSS1780164
X	1021359	1857269	6	COSS2263104
7	62077637	65609201	2	COSS2385678
18	28896371	28900718	0	COSS1780157
2	99540101	99577679	0	COSS1780124
5	106771209	106780529	7	COSS2385688
2	119732652	121437802	5	COSS1780074
1	168234645	168264158	6	COSS1780149
14	30502930	33516983	5	COSS2194741
17	31656804	31679192	8	COSS2263104
6	302306	385784	5	COSS1780053
1	169618071	170577348	6	COSS2194846
21	47375801	47496911	0	COSS1780105
9	77218257	77828618	2	COSS2385678
4	38006183	38010934	1	COSS1780179
11	5788080	5809139	0	COSS2194822
3	176366349	197896118	6	COSS2194794
18	8130285	8832751	0	COSS2194820
9	85905253	85910512	1	COSS1780138
11	4967650	4975705	0	COSS1780201
11	18949072	18958890	0	COSS1780120
X	40154938	88350272	1	COSS2194868
11	55376498	55442318	0	COSS2194767
8	137314624	146298155	5	COSS2194738
16	5589876	8187529	6	COSS2194781
4	107312102	108600140	0	COSS2194805
13	111115854	111126730	0	COSS2385665
1	196711067	196799505	8	COSS1780148
14	25361059	25364302	1	COSS2194835
8	85135819	85139051	5	COSS1780069
12	99795293	99798062	8	COSS1780090
12	150442	5780596	6	COSS2194739
10	127483964	127497395	0	COSS2385683
X	1598598	2271582	7	COSS2194842
9	136586954	136618314	6	COSS2194846
18	34860921	34875922	0	COSS2194759
10	115389267	115392760	7	COSS1780074
3	190958369	190987067	1	COSS1780179
8	85518168	86316909	5	COSS1780069
11	33061738	33084917	0	COSS1780197
X	44734175	44873648	0	COSS1780088
18	42307988	42879087	1	COSS1780199
9	21587943	22822423	0	COSS2194830
17	59820170	71065606	5	COSS1780197
9	38642301	39092662	0	COSS2194798
7	2707709	2729647	7	COSS1780054
1	196738623	196815791	6	COSS2385676
10	122847105	123304991	5	COSS1780094
12	2316019	2317523	0	COSS2385676
20	61305	60815343	5	COSS2385673
16	78372440	78381263	0	COSS2194782
12	61504636	63392391	5	COSS2194754
5	10907693	13464734	7	COSS1780227
12	27983816	28479116	5	COSS1780222
1	144007049	148950175	5	COSS1914046
17	39418372	39430531	0	COSS1780137
5	95237185	95250749	0	COSS1780187
2	155222871	155232423	7	COSS2385665
9	85905060	85914071	0	COSS1780171
1	190854143	192664002	6	COSS1780083
8	122888120	146298155	7	COSS2194822
3	146256479	146261772	0	COSS2194780
22	36541725	36578743	0	COSS2385659
11	6999289	7011787	0	COSS2194815
11	28109575	28198299	0	COSS1780089
1	149778729	152956698	5	COSS2194771
5	10967299	16929639	8	COSS2194818
5	2286287	42309944	5	COSS2194815
7	129985116	130002317	6	COSS2194744
9	115615241	115618338	0	COSS2194869
11	55374032	55453009	0	COSS1914046
7	121608240	123937140	8	COSS1780093
14	77573757	77588224	0	COSS1780227
11	119553678	119569148	0	COSS2194759
19	48702219	48715269	1	COSS2194877
X	9565030	10852437	0	COSS1780224
9	21030125	22057230	0	COSS2194850
X	2656850	2677411	5	COSS2194837
12	86352428	88493901	0	COSS1780081
12	101156507	101207886	0	COSS1780238
15	33020633	33045694	0	COSS2194759
1	152759678	152768259	0	COSS2194816
20	42736729	42743454	0	COSS2194759
8	103058056	103273169	5	COSS2194846
15	76891627	76895198	0	COSS1780182
6	40653779	45136347	5	COSS2194741
15	101494880	101508392	0	COSS2194800
16	57918569	65916025	5	COSS1780109
1	156993621	157581284	6	COSS2194737
14	37076405	37312060	6	COSS1780210
1	151409502	151496718	0	COSS1780089
20	43925062	43933694	0	COSS2194882
3	8949343	8960318	0	COSS2194849
17	18355392	18446679	0	COSS2194798
6	30383412	30477276	0	COSS2385661
8	39230659	40060926	0	COSS1780223
12	63950675	67992697	6	COSS1780206
3	146304893	149772809	6	COSS2194794
8	79846119	82245360	8	COSS1780128
X	2653913	2673922	5	COSS2194848
7	3444749	3474084	0	COSS1780138
11	78708789	78723503	6	COSS1780079
14	106224354	106526966	5	COSS2194846
1	25593128	25663344	0	COSS2194776
21	44801392	47874268	5	COSS1914046
9	113704984	113741920	0	COSS2385662
5	151766400	151771882	1	COSS1780209
6	51435344	51490778	0	COSS1780089
1	157647789	171637119	5	COSS1780126
5	2294127	44936920	5	COSS2194827
3	93519478	97090813	5	COSS2194738
17	526	630053	1	COSS2194821
14	100017422	100022864	0	COSS2194814
8	133836098	133991649	6	COSS1780069
9	9621487	10109187	0	COSS2194798
21	30931810	31838880	0	COSS2194794
8	96692837	98319748	6	COSS1780078
11	18953022	18961178	0	COSS2194838
5	4896352	5396872	0	COSS2194888
5	153119429	153123488	0	COSS1780232
4	100006645	100062536	0	COSS2385658
5	7453773	7917137	5	COSS1780229
4	69360488	69506334	5	COSS2194771
11	61601908	63964657	5	COSS2194843
16	74472584	74630688	0	COSS2194749
17	39128089	39142967	1	COSS1780063
19	43556843	43866953	1	COSS2194749
5	77669593	78326148	2	COSS2194796
20	62876174	62956153	0	COSS1914098
2	141349261	141543563	1	COSS2194820
12	54905021	54995601	8	COSS1780149
14	26796177	29905143	5	COSS2194842
6	119507607	119520051	0	COSS2194739
X	5992923	6061461	1	COSS1780150
5	13308177	18492554	5	COSS2194849
1	196841842	196847975	0	COSS2194820
11	100803267	100810829	6	COSS2194811
1	167087525	167112462	8	COSS2385658
14	35630493	39240664	5	COSS2385658
X	3241284	23501496	2	COSS1780060
11	22156078	25550872	5	COSS1780122
18	61055779	62184421	1	COSS2194868
11	17562722	19205980	5	COSS1780122
11	56149127	56236119	0	COSS2194744
6	18297045	18424601	5	COSS1780094
8	62144933	62156050	6	COSS1780142
19	21256888	23445885	5	COSS2194843
7	151364264	151389321	0	COSS1780099
9	116122326	116124254	0	COSS1780184
4	35997406	36018269	1	COSS1780136
9	5463780	6982200	8	COSS1780229
4	113924858	113933897	1	COSS2340061
7	147321738	156499084	6	COSS2194843
9	46587	785722	8	COSS1780229
5	15532	1282706	6	COSS1780061
3	159581746	161151893	5	COSS1780188
9	84204779	84209394	6	COSS1780158
10	116124777	116142256	5	COSS2339370
16	80655883	80934122	1	COSS1780225
11	36442438	40660824	5	COSS1780188
7	115897884	115918955	0	COSS1780099
1	119404030	119553453	6	COSS2194846
18	2002346	3742572	5	COSS2194760
X	469794	679521	5	COSS1780221
10	112436222	112460979	0	COSS1780202
11	4970277	4975164	0	COSS2194857
9	125328251	125333425	0	COSS1780153
5	168164744	168170708	0	COSS1780139
1	60408975	60470541	5	COSS1780219
2	155214199	155232423	6	COSS2194845
1	158010076	158021282	6	COSS2194774
13	50103726	50123649	0	COSS1780124
6	38542637	41028612	5	COSS1780204
11	4972005	4976371	0	COSS2194861
7	48152764	52107816	7	COSS2194845
22	22386434	51234455	2	COSS2385684
1	40768625	44754588	5	COSS1780123
9	21828110	22809450	0	COSS1780236
X	16276961	17221687	5	COSS1780174
20	9592338	9596287	0	COSS2385666
14	36325177	37373421	6	COSS2194795
16	60777	608264	1	COSS1780138
4	9790712	55104650	1	COSS1780088
5	3466890	5022445	6	COSS1780061
14	37589750	38176041	8	COSS2194866
1	196812507	196884185	0	COSS1780067
1	196706866	196802002	8	COSS1780078
1	214164328	219627372	6	COSS1780079
1	223432082	223497357	7	COSS1780079
1	224224771	224548506	5	COSS1780079
1	203609879	205921445	6	COSS1780083
1	216327410	220887906	5	COSS1780083
1	220887941	224086863	6	COSS1780083
1	188574521	190854060	5	COSS1780083
1	214882983	216326949	6	COSS1780083
1	205565341	205612126	0	COSS1780091
1	201240763	201392764	5	COSS1780094
1	195606174	197684208	5	COSS1780109
1	186281957	186325958	7	COSS1780120
1	186380442	205292775	5	COSS1780120
1	186326175	186379842	6	COSS1780120
1	213054173	213095954	0	COSS1780124
1	207789471	238023577	5	COSS1780126
1	196843171	196845668	5	COSS1780134
1	202755825	208098165	5	COSS1780160
1	211491284	213285725	5	COSS1780160
1	214022886	216590737	5	COSS1780160
1	213041025	213109096	0	COSS1780173
1	196698272	196905159	1	COSS1780209
1	203514662	211339959	5	COSS1780237
1	196828779	196885685	0	COSS2194737
1	214489193	216362228	5	COSS2194738
1	220971834	220988937	7	COSS2194741
1	213920313	221498682	5	COSS2194747
1	196802072	196828802	0	COSS2194760
1	216205610	219393889	5	COSS2194808
1	214586697	215776625	5	COSS2194808
1	200322362	200769293	6	COSS2194810
1	220977965	220988937	7	COSS2194823
1	215077613	215246142	8	COSS2194845
1	224339138	228188577	6	COSS2194845
1	210710085	210884083	6	COSS2194845
1	187279324	204982843	7	COSS2194845
1	216745967	216974713	8	COSS2194845
1	220276304	228104375	6	COSS2194846
1	215377957	215415383	5	COSS2194849
1	208314363	208700733	5	COSS2194854
1	202180093	202200799	5	COSS2194866
1	203272902	209422492	5	COSS2194873
1	186865610	186875008	5	COSS2194879
1	203538470	207790427	6	COSS2194893
1	209822859	221480758	5	COSS2262803
1	221526452	249224388	5	COSS2262803
1	209789318	209821568	8	COSS2262803
1	208326983	208338624	7	COSS2263105
2	46597296	46603438	0	COSS1780054
2	48949401	49057760	0	COSS1780086
2	30065435	30075011	0	COSS1780109
2	31418126	31431651	0	COSS1780126
2	58163146	58169950	0	COSS1780157
2	54601242	54723239	0	COSS1780185
2	46597256	46604593	0	COSS1780227
2	30864326	30891778	6	COSS2194747
2	36622582	36665889	1	COSS2194759
2	46285300	46321459	0	COSS2194759
2	31247485	31250721	0	COSS2194765
2	50233352	50252819	6	COSS2194775
2	50213678	50250758	5	COSS2194781
2	42562140	42919074	0	COSS2194796
2	58165595	58169950	0	COSS2194832
2	31245650	31252661	0	COSS2194837
2	35451767	39035620	5	COSS2194849
2	40657649	42000564	5	COSS2194849
2	39035841	40655730	7	COSS2194849
2	57257035	58800464	0	COSS2194860
2	50503037	50512939	0	COSS2385671
3	4602498	4607133	0	COSS1780055
3	30679612	30698620	0	COSS1780057
3	4088809	4097994	0	COSS1780057
3	1170937	1187033	0	COSS1780074
3	21064513	65196879	1	COSS1780088
3	11245056	11725226	0	COSS1780091
3	60345	504151	0	COSS1780091
3	14470911	14480778	8	COSS1780099
3	10441147	10453276	0	COSS1780141
3	4166239	4316641	1	COSS1780179
3	28772553	31212593	0	COSS1780197
3	9140800	9147549	1	COSS1780199
3	3963804	3973674	0	COSS1780210
3	3970428	3977156	1	COSS1780235
3	4080331	4173839	0	COSS1780236
3	3967467	3971968	0	COSS2194759
3	32464044	32502408	0	COSS2194759
3	31732743	31767028	1	COSS2194759
3	3961273	3996098	0	COSS2194760
3	8941834	8960318	0	COSS2194766
3	3963768	3971538	0	COSS2194812
3	21990832	22000330	0	COSS2194823
3	4138369	4237348	0	COSS2194833
3	15802204	15880285	0	COSS2194834
3	4106482	4213976	0	COSS2194860
3	21999842	22008061	0	COSS2194872
3	21681093	21728743	0	COSS2194874
3	21999782	22008097	0	COSS2194896
3	29737609	29748169	5	COSS2262803
3	21999492	22000946	0	COSS2263104
3	17700569	18479985	8	COSS2263105
3	14496074	16988959	6	COSS2263105
3	16990750	17699186	5	COSS2263105
3	13597751	14452800	7	COSS2263105
3	10169819	10622448	6	COSS2263105
3	10622941	12634926	7	COSS2263105
3	12634941	12968104	8	COSS2263105
3	12968672	13592903	5	COSS2263105
3	6911400	8648911	8	COSS2263105
3	8649260	10155826	6	COSS2263105
3	8933048	8991103	0	COSS2339371
3	8593038	8606933	6	COSS2385658
3	8940490	8956418	0	COSS2385669
3	3971379	3996772	0	COSS2385676
4	43124	65978	6	COSS1780082
4	4205353	9378279	1	COSS1780088
4	12281	3713006	1	COSS1780088
4	1690347	1835546	7	COSS1780094
4	3970486	4203890	5	COSS1780123
4	20945826	20953796	0	COSS1780148
4	3276491	3753434	0	COSS1780168
4	9381191	9451923	8	COSS1780221
4	9392280	9470734	0	COSS2194757
4	8412247	8436286	0	COSS2194759
4	12330756	15717321	5	COSS2194781
4	3943984	4195400	6	COSS2194797
4	9370690	9826757	5	COSS2194846
4	20947719	20950879	0	COSS2262804
5	133537479	133872220	0	COSS1780058
5	169332156	169349995	0	COSS1780061
5	168155311	168165399	0	COSS1780062
5	169004549	172009799	7	COSS1780072
5	169329274	169340765	0	COSS1780075
5	168156158	168170708	1	COSS1780077
5	153696792	153712738	0	COSS1780086
5	153120048	153135755	1	COSS1780097
5	168160554	168170708	0	COSS1780099
5	136604873	136609992	0	COSS1780129
5	167845338	167849331	6	COSS1780129
5	155925929	155951563	1	COSS1780137
5	168161129	168170708	0	COSS1780141
5	153642196	153656318	0	COSS1780164
5	136604250	136609992	0	COSS1780181
5	137520469	146938734	5	COSS1780197
5	168380416	168386194	0	COSS1780230
5	168155218	168170708	0	COSS1780235
5	166823638	168098968	5	COSS1914046
5	151201487	151260775	0	COSS2194739
5	153022881	153034687	0	COSS2194759
5	167513382	167931061	6	COSS2194771
5	166853737	167059530	5	COSS2194771
5	169321463	170413978	5	COSS2194771
5	138305502	140023090	1	COSS2194798
5	135996417	136833360	1	COSS2194798
5	168517022	168535587	6	COSS2194827
5	148333066	148345145	0	COSS2194896
5	132907599	132925236	0	COSS2263346
5	169181763	171227968	5	COSS2385688
5	155476772	155482729	0	COSS2385688
6	142474031	142501384	0	COSS1780058
6	158766073	158777190	0	COSS1780148
6	163719078	163734118	0	COSS1780187
6	160772842	160775652	0	COSS2194740
6	168336630	168595919	5	COSS2194748
6	153141032	153915929	5	COSS2194754
6	166997177	167013877	0	COSS2194758
6	160127266	160162319	0	COSS2194810
6	169486046	171051005	2	COSS2194817
6	166956895	167514083	2	COSS2194817
6	158886015	158896253	0	COSS2194836
6	162721807	162918989	7	COSS2194848
6	157333228	157407741	0	COSS2263105
6	168337497	168592980	6	COSS2385661
6	166653638	171051005	2	COSS2385684
7	91640773	91703653	0	COSS1780089
7	89619624	91168065	5	COSS1780093
7	92096679	92108136	8	COSS1780093
7	92145950	92525840	6	COSS1780093
7	57451640	63702920	5	COSS1780123
7	64638157	65106804	0	COSS1780138
7	76432333	76709612	5	COSS1780142
7	64982244	67587014	5	COSS1780155
7	62453696	63836479	6	COSS1780161
7	77678931	77693385	5	COSS1780164
7	83707955	83769457	0	COSS1780184
7	77905565	78016739	2	COSS1780199
7	94038934	94054223	0	COSS1780221
7	63651845	64297640	6	COSS1780221
7	57377065	100967098	5	COSS2194741
7	63519305	63790423	0	COSS2194755
7	87162341	87179086	1	COSS2194759
7	77992199	78020157	0	COSS2194768
7	56222150	57292665	6	COSS2194780
7	56200254	62020156	8	COSS2194781
7	63495589	63520745	7	COSS2194794
7	76282709	76596904	0	COSS2194800
7	76197430	76228072	0	COSS2194800
7	80136725	80143355	5	COSS2194810
7	78353733	78374620	1	COSS2194821
7	55323098	56689209	5	COSS2194827
7	76179714	76709612	0	COSS2194836
7	90649436	159127004	6	COSS2194845
7	78820286	79398798	5	COSS2194845
7	77689923	77698281	6	COSS2263346
7	81981195	137839463	2	COSS2385678
7	65972234	81123098	2	COSS2385678
7	80892518	84183154	5	COSS2385686
8	134667663	139925114	5	COSS1780061
8	139989797	141611943	5	COSS1780069
8	124290874	125733120	5	COSS1780069
8	133996351	134286193	7	COSS1780069
8	141879736	142302260	7	COSS1780069
8	139207731	139988876	6	COSS1780069
8	142491697	144140502	5	COSS1780069
8	146002589	146298155	5	COSS1780069
8	118829181	119303260	7	COSS1780069
8	139892601	139910211	5	COSS1780071
8	129227669	140585403	5	COSS1780078
8	140585526	142235154	7	COSS1780078
8	142236337	146298155	5	COSS1780078
8	122241986	124885640	5	COSS1780078
8	120961466	122238732	5	COSS1780078
8	142253481	142501490	8	COSS1780094
8	128661953	128924101	5	COSS1780094
8	122240218	137515316	5	COSS1780123
8	142079829	146298155	5	COSS1780123
8	137874259	142076390	6	COSS1780123
8	120671874	122871445	8	COSS1780134
8	142103769	143005711	7	COSS1780134
8	145223191	146173194	6	COSS1780134
8	131342678	131805066	8	COSS1780134
8	135843300	138836019	7	COSS1780134
8	143006342	145219840	5	COSS1780134
8	115466597	117560480	8	COSS1780134
8	127670393	131340333	7	COSS1780134
8	131902911	139749758	1	COSS1780225
8	143765885	144434821	6	COSS1780227
8	122301957	123643281	5	COSS1780227
8	133118634	133925209	5	COSS1780227
8	133925797	133977758	7	COSS1780227
8	118330028	120768308	7	COSS1780229
8	133043605	133106398	5	COSS1780229
8	120773041	121181147	5	COSS1780229
8	118011551	118329494	5	COSS1780229
8	129664636	132193193	7	COSS1780229
8	123461288	146298155	7	COSS2194747
8	127879885	141572059	6	COSS2194781
8	144183446	146298155	5	COSS2194781
8	142003476	143078656	8	COSS2194795
8	138794446	140777431	5	COSS2194795
8	121798317	123400407	5	COSS2194795
8	135128459	138099206	5	COSS2194795
8	128708284	130359746	5	COSS2194795
8	134222219	134228509	8	COSS2194818
8	115650697	140998655	6	COSS2194827
8	140999234	146298155	5	COSS2194827
8	135622695	139117556	5	COSS2194837
8	125339791	131281599	5	COSS2194846
8	114574126	115925168	5	COSS2194846
8	122537134	124269824	6	COSS2194846
8	124185476	129097431	5	COSS2194873
8	124422337	125291320	7	COSS2194876
8	127868163	129215924	8	COSS2194876
8	140730166	143903612	8	COSS2194876
8	137423463	140728528	6	COSS2194876
8	143903798	146298155	7	COSS2194876
8	133798919	137233665	5	COSS2194876
8	140921339	141160114	7	COSS2262802
8	129891232	131824002	6	COSS2262802
8	124572077	126978250	5	COSS2262802
8	136508936	138635990	7	COSS2262802
8	139178382	139900944	5	COSS2262803
8	125876083	126604925	8	COSS2263105
8	121003952	123061468	6	COSS2263105
8	117412341	118219652	6	COSS2263105
8	118219773	119983738	5	COSS2263105
8	116507492	117236486	6	COSS2263105
8	141910867	142159925	6	COSS2263105
8	132390851	137886148	7	COSS2263105
8	123696613	138595758	5	COSS2339370
8	144607145	144683934	0	COSS2385659
8	127292756	129295702	6	COSS2385683
8	143737279	146298155	6	COSS2385683
8	131822757	134124544	6	COSS2385683
8	139434469	139592780	6	COSS2385683
8	141273195	142586110	6	COSS2385683
8	124200462	124755460	6	COSS2385683
10	31251334	31251779	0	COSS1780064
10	48320402	48442078	5	COSS1780074
10	46169848	47085303	7	COSS1780078
10	15660502	15673445	0	COSS1780078
10	25841315	26114974	0	COSS1780083
10	49765063	49772566	0	COSS1780109
10	46148326	48330781	7	COSS1780123
10	38514198	43323154	5	COSS1780123
10	49930382	50676019	5	COSS1780123
10	52026161	52581236	5	COSS1780123
10	50678066	52024726	5	COSS1780123
10	46148750	48365295	5	COSS1780126
10	44158760	49430279	2	COSS1780144
10	24377674	24378054	0	COSS1780157
10	26002856	26286900	0	COSS1780172
10	12580412	12585790	0	COSS1780201
10	13095815	13103690	1	COSS1780209
10	47545688	47703115	0	COSS1780234
10	15197018	15325014	6	COSS2194738
10	46674180	47541189	5	COSS2194741
10	20853534	22021059	7	COSS2194745
10	24377675	24378054	0	COSS2194753
10	46691159	47913401	6	COSS2194754
10	26352588	26356935	0	COSS2194759
10	25712585	25799704	0	COSS2194765
10	46215431	48179770	6	COSS2194797
10	14778101	14781173	2	COSS2194817
10	29573917	29591701	0	COSS2194829
10	46954538	47948060	5	COSS2194838
10	32726529	34458254	5	COSS2194845
10	46215766	49287591	5	COSS2194845
10	26026785	28778107	6	COSS2194845
10	47078708	47948060	5	COSS2194858
10	19423586	19827284	0	COSS2194866
10	50307117	50317778	1	COSS2194877
10	13056550	13079952	0	COSS2194886
10	24029117	24034462	0	COSS2194895
10	46141837	47960476	6	COSS2263105
10	46989220	47700477	0	COSS2339370
10	38427239	42443238	1	COSS2340061
10	37714321	38686142	0	COSS2340314
10	49733261	49776431	0	COSS2385661
10	25847527	25877576	0	COSS2385661
10	46917315	47547696	5	COSS2385672
10	35081568	38921352	5	COSS2385686
12	53058514	53071382	5	COSS1780074
12	58056763	58617593	6	COSS1780079
12	52921215	52925659	7	COSS1780087
12	43741540	46361672	0	COSS1780133
12	50529936	52142522	6	COSS1780142
12	42085600	50528280	7	COSS1780142
12	52144072	56828056	7	COSS1780142
12	56828548	57311687	6	COSS1780142
12	57313770	61672022	7	COSS1780142
12	63100234	68334011	8	COSS1780142
12	42673065	48757771	2	COSS1780144
12	62909397	63026641	6	COSS1780149
12	69469630	73372116	6	COSS1780149
12	57925747	59114413	8	COSS1780149
12	51564802	51565094	7	COSS1780149
12	68279295	68705349	6	COSS1780149
12	48559642	49539149	8	COSS1780149
12	51504799	51561056	6	COSS1780149
12	65670234	70295278	6	COSS1780155
12	58173466	58750680	5	COSS1780155
12	70589731	71779627	6	COSS1780174
12	61488772	63400195	6	COSS1780174
12	63400900	68087809	7	COSS1780174
12	58117645	58730897	7	COSS1780206
12	61613837	63948151	5	COSS1780206
12	68619373	73522228	6	COSS1780206
12	68003886	68618840	5	COSS1780206
12	58731671	61224839	5	COSS1780206
12	44343166	45048808	5	COSS1780206
12	71862082	72407403	8	COSS1780221
12	72407997	72450832	7	COSS1780221
12	71019102	71256692	5	COSS1780221
12	75713292	76231424	8	COSS2194745
12	58691023	59852017	8	COSS2194745
12	78361166	78743547	6	COSS2194745
12	72283279	72616442	6	COSS2194745
12	73013475	73784714	6	COSS2194745
12	59852060	60352685	5	COSS2194745
12	61894926	64790779	8	COSS2194745
12	68870736	70896356	5	COSS2194754
12	70898908	71660564	6	COSS2194754
12	63396673	64425423	8	COSS2194754
12	68491457	68870288	7	COSS2194754
12	71660633	72755475	5	COSS2194754
12	52920392	52929552	1	COSS2194759
12	69071613	70205325	8	COSS2194767
12	66342868	69069778	6	COSS2194767
12	70206152	73028725	6	COSS2194767
12	58520522	59449978	8	COSS2194781
12	40923532	41337286	5	COSS2194794
12	40260151	40921488	6	COSS2194794
12	52688684	52787221	6	COSS2194846
12	69132889	69249221	6	COSS2194854
12	57646429	63821943	5	COSS2194873
12	43800899	47527599	2	COSS2339892
12	78293483	88736480	2	COSS2339892
12	65135391	65398654	6	COSS2385658
12	56232176	57672913	5	COSS2385659
12	59078244	61971143	5	COSS2385659
12	58208164	58982588	5	COSS2385659
12	69170840	69671660	5	COSS2385681
12	61245850	63119945	5	COSS2385681
17	76014918	76188070	5	COSS1780094
17	73333517	73750859	6	COSS1780094
17	78596040	78614824	6	COSS1780123
17	64507560	64513860	0	COSS1780123
17	58027629	58278379	6	COSS1780149
17	67689040	70177955	6	COSS1780161
17	64510410	64513891	0	COSS1780206
17	78596158	78614824	5	COSS1780210
17	62016394	81049726	5	COSS1780219
17	57431766	57466917	1	COSS2194759
17	63593166	63607951	0	COSS2194759
17	64200241	65784953	5	COSS2194760
17	68077393	68093376	7	COSS2194849
17	63644243	63677639	0	COSS2385685
17	80072049	80096615	8	COSS2385686
17	63644331	63677639	0	COSS2385688
19	42245323	42262169	1	COSS1780059
19	55298580	55368203	0	COSS1780061
19	52142615	52148197	0	COSS1780073
19	58287344	58707016	0	COSS1780077
19	43264350	43542831	0	COSS1780077
19	43549014	43671903	1	COSS1780077
19	56572832	58284615	1	COSS1780077
19	37397301	39930888	5	COSS1780094
19	45519737	45882373	5	COSS1780094
19	43290773	43533521	0	COSS1780097
19	43638267	43697333	0	COSS1780099
19	57160721	57164095	0	COSS1780120
19	43713377	43756237	0	COSS1780122
19	43294390	43445053	0	COSS1780135
19	41392885	41404785	7	COSS1780158
19	43652661	43866858	0	COSS1780171
19	35053467	37041105	8	COSS1780174
19	40169328	40238776	5	COSS1780174
19	43687847	44398831	5	COSS1780174
19	34270846	35052969	6	COSS1780174
19	52473015	52512696	0	COSS1780188
19	37465175	37481153	5	COSS1780197
19	51332670	51508091	2	COSS1780199
19	37467129	37481153	6	COSS1780222
19	33370376	34529745	7	COSS1780237
19	46639525	47446562	5	COSS1780237
19	32640524	33369436	5	COSS1780237
19	48174393	48551870	5	COSS2194739
19	57993186	58008395	0	COSS2194759
19	33869175	33878198	1	COSS2194759
19	33534050	33575526	5	COSS2194774
19	33876394	33887160	0	COSS2194782
19	45548255	45639553	5	COSS2194794
19	35989972	41529020	6	COSS2194794
19	42331992	44882160	5	COSS2194794
19	43321137	43866858	0	COSS2194802
19	43308886	43519362	0	COSS2194821
19	43636591	43786678	0	COSS2194827
19	33441980	35421156	6	COSS2194827
19	35421801	42023600	5	COSS2194827
19	32530492	33570263	8	COSS2194837
19	33574536	33673132	5	COSS2194837
19	33581150	33637264	0	COSS2194842
19	33537096	33575526	5	COSS2194843
19	43287456	43542831	0	COSS2194844
19	33536683	33575526	7	COSS2194849
19	43305335	43524330	0	COSS2194867
19	54663522	54722275	1	COSS2194884
19	33750314	33897254	5	COSS2262803
19	51620314	51640235	8	COSS2263104
19	43703504	43756237	0	COSS2263104
19	54032728	59097854	5	COSS2263105
19	33044838	33096406	0	COSS2385658
19	52142352	52148197	0	COSS2385660
19	33089150	33100901	0	COSS2385665
19	43703033	43767261	0	COSS2385671
20	55676859	57503753	6	COSS1780069
20	62099386	62762418	8	COSS1780069
20	62770032	62956153	5	COSS1780069
20	55101317	57326763	6	COSS1780074
20	57387887	60309691	6	COSS1780074
20	47626736	47634301	0	COSS1780074
20	60736863	61058800	6	COSS1780094
20	30088711	30359572	6	COSS1780094
20	45900380	45998397	5	COSS1780094
20	48744282	48921665	7	COSS1780094
20	25692821	30464988	6	COSS1780126
20	62892756	62956153	0	COSS1780151
20	60398132	60422230	5	COSS1780158
20	41406551	41414077	5	COSS1780164
20	54470324	55133411	5	COSS1780206
20	52177890	52624582	8	COSS1780206
20	24288377	29651749	8	COSS1780224
20	37560600	38339662	8	COSS1780224
20	40290806	41947428	8	COSS1780224
20	36991891	37064636	7	COSS1780224
20	42162030	42203237	7	COSS1780224
20	44939950	45492872	8	COSS1780224
20	24636082	24648410	0	COSS1780227
20	33235678	35405203	6	COSS1780234
20	54664689	56598466	7	COSS1780234
20	30217061	30377888	5	COSS1780234
20	56600725	58222568	8	COSS1780234
20	29651369	30203482	5	COSS1780234
20	58224694	59976156	5	COSS1780234
20	29846303	29850586	5	COSS1914046
20	50164140	51138699	5	COSS2194755
20	36630550	37344123	5	COSS2194755
20	42650868	42664594	7	COSS2194781
20	30521932	31762868	5	COSS2194794
20	29573833	30518222	7	COSS2194794
20	41494897	41512074	0	COSS2194794
20	57193549	58794743	5	COSS2194819
20	56686109	57192802	6	COSS2194819
20	33055380	33967192	6	COSS2194843
20	52044232	52654221	8	COSS2194843
20	52654256	54239730	5	COSS2194843
20	50870937	52040633	5	COSS2194843
20	45646903	45989730	7	COSS2194843
20	43099287	47964117	5	COSS2194845
20	48116682	48129706	7	COSS2194846
20	36139650	37162003	5	COSS2194857
20	24569827	24995014	0	COSS2194873
20	60315104	62956153	7	COSS2194876
20	55535038	60309691	8	COSS2194876
20	51654525	52296775	6	COSS2194888
20	37144696	37506313	6	COSS2194888
20	47355872	47381634	0	COSS2385664
20	60035378	60232721	0	COSS2385666
21	33410631	33471792	6	COSS1780105
21	46105641	46191788	0	COSS1780116
21	39948102	39949214	0	COSS1780171
21	25481693	28552652	5	COSS1780174
21	47980760	48096957	2	COSS1780199
21	24844015	27301338	5	COSS2194738
21	47641794	48096957	5	COSS2194745
21	41281464	41298804	1	COSS2194759
21	30871356	30878752	0	COSS2194759
21	47323928	47343376	5	COSS2194787
21	28883802	33255446	2	COSS2194817
21	40567703	40712367	0	COSS2194820
21	28394146	31254472	6	COSS2194846
21	47634068	47640049	0	COSS2194881
21	36030992	36388176	0	COSS2194894
22	17277415	17391088	1	COSS1780051
22	18308819	18312503	5	COSS1780054
22	16052528	17189268	5	COSS1780076
22	20769870	21928641	5	COSS1780078
22	18905117	20742634	0	COSS1780086
22	25650176	25918709	0	COSS1780099
22	25718830	27172005	1	COSS1780136
22	25874502	30378384	2	COSS1780137
22	18876428	19006125	0	COSS1780141
22	32540211	32666627	0	COSS1780156
22	28549292	29205230	0	COSS1780174
22	38387727	51234455	5	COSS1780226
22	32575149	32592120	0	COSS1780234
22	34252300	34257221	5	COSS1914046
22	25666235	25807004	5	COSS2194743
22	27639635	29079224	5	COSS2194745
22	40744053	42297154	7	COSS2194745
22	35614662	36005361	5	COSS2194745
22	32575214	32592120	0	COSS2194754
22	32546946	32588352	0	COSS2194759
22	33163050	33168882	0	COSS2194759
22	24350529	24396814	0	COSS2194759
22	39351466	39375307	0	COSS2194759
22	39506773	39576868	1	COSS2194764
22	25682780	25922347	5	COSS2194795
22	22376338	22740490	6	COSS2194822
22	20993797	22373152	7	COSS2194822
22	32584710	32600915	1	COSS2194868
22	18673357	19030336	0	COSS2194871
22	25726686	25917730	0	COSS2194884
22	18877787	22027065	8	COSS2263105
22	22030362	25766980	5	COSS2263105
22	25661376	25914085	7	COSS2385662
22	25650460	25918709	0	COSS2385665
22	19096917	19107437	0	COSS2385683
