CHROMOSOME	GENOME_START	GENOME_STOP	TOTAL_CN	COSMIC_SAMPLE_ID
5	31688459	31702146	8	COSS2195049
X	123709068	123711043	0	COSS2195010
5	109014123	133948150	2	COSS2195110
20	15687258	15699889	7	COSS2195182
7	98358654	101341337	7	COSS2195083
4	12281	18461178	2	COSS1780511
19	28690920	32229681	6	COSS2339898
22	26317041	27440602	6	COSS1781045
X	2656850	2677860	7	COSS1782223
3	163404636	173881408	8	COSS1783002
13	46637711	46697363	0	COSS2385879
1	65956938	65983350	0	COSS2385867
2	153340721	153353157	5	COSS1781347
17	44970788	45311613	5	COSS1782843
1	7858135	7884633	0	COSS2385894
9	20511614	23423867	0	COSS1782175
9	20497142	22131825	0	COSS2195121
8	36621127	38020277	0	COSS2385895
6	51669562	51672576	0	COSS2195232
X	4338025	46075825	1	COSS1780404
10	24377675	24378054	0	COSS2195153
19	40334719	40974883	6	COSS2195120
15	76891511	76895775	0	COSS1781179
8	41022542	49328549	5	COSS2263428
3	189360754	189364638	0	COSS2385867
20	12098118	13586034	6	COSS2195057
1	146548190	150287591	6	COSS1780882
12	8004425	8244500	0	COSS2195203
4	40016807	40139303	6	COSS2195033
9	71480035	72599739	5	COSS2195192
14	19002124	25767213	2	COSS1781311
10	89513828	90892622	0	COSS2385919
21	17513780	19049865	5	COSS1781036
X	2653913	2693175	5	COSS2195142
20	37564010	37675218	0	COSS2195114
7	157797235	157803711	0	COSS2195106
19	51109793	55804415	5	COSS2339379
5	126881725	131414363	0	COSS2195126
9	85905060	85908222	0	COSS2195226
3	167117845	168344524	5	COSS2195125
3	101913476	103342997	5	COSS2195120
1	196706866	196802072	7	COSS2385898
10	76389485	77148939	0	COSS2385871
5	155476772	155482729	0	COSS2385918
2	142397338	142517668	0	COSS2385922
16	78913164	78926698	6	COSS2195120
20	51853034	52010561	0	COSS1782952
12	39750530	40331164	0	COSS2195039
19	7083761	7103981	1	COSS2195029
21	19517966	19520976	0	COSS2195155
17	176125	478203	5	COSS2195204
7	86422141	87716646	5	COSS1780973
9	21894495	22248826	0	COSS1780809
5	106519119	109636551	0	COSS1780654
20	19097867	19632878	5	COSS2195057
9	21788877	22380226	0	COSS1782765
11	198572	15640894	2	COSS2195214
3	165613906	190280052	6	COSS2195241
12	52921215	52927915	5	COSS1783002
9	36503255	37527851	7	COSS2457469
5	2303782	2930405	6	COSS1782392
11	16026663	16389732	0	COSS2195100
12	102049087	102063381	0	COSS2195147
5	7169132	10902187	5	COSS1783058
6	162745580	162838684	0	COSS2195075
4	143437470	145386206	8	COSS1781715
9	20550366	25809335	0	COSS1782609
6	100345317	100877743	5	COSS2385895
13	41139877	41277057	0	COSS2385903
2	68326499	71275266	6	COSS2195100
18	76605307	77173979	0	COSS2385894
9	43315670	44629223	0	COSS1780241
4	93423773	93508342	1	COSS2385877
17	45815295	45863591	6	COSS1781809
X	32384608	33364922	0	COSS2195193
4	87551471	88063743	0	COSS2195053
3	105177027	105266331	0	COSS2195059
1	196843171	196844335	5	COSS2195049
7	157868374	158075620	6	COSS2195192
17	20919504	20928538	0	COSS1780959
8	39555658	39588338	0	COSS2195013
3	167158600	168865741	8	COSS2195035
4	187500909	187640144	0	COSS2385891
18	30314839	30395644	5	COSS1783058
7	32650501	32892101	0	COSS1780882
3	78835552	79053082	0	COSS1782386
10	52880832	52881875	0	COSS2195022
10	126740797	126777535	0	COSS2195222
1	72549836	72638003	0	COSS2195050
X	2710025	57964136	2	COSS2195234
3	78964079	79273475	0	COSS1781967
14	25356181	25363966	0	COSS1781318
16	79002431	79155751	0	COSS2385913
11	120406723	120446446	6	COSS2263115
8	31254	7186632	1	COSS2195225
15	58065890	58088687	5	COSS1782733
3	181581174	182658014	5	COSS2195090
22	48044739	51234455	1	COSS2195029
3	99397141	101946107	8	COSS2195084
13	69044126	104672448	5	COSS2195142
16	10164522	10171111	0	COSS2195107
12	26567440	26586103	0	COSS2195137
2	101088840	101108765	0	COSS1781269
7	93573850	94992244	5	COSS1780758
18	25398551	26546202	7	COSS1781347
X	1021359	1857269	6	COSS2195192
18	55903721	56052103	0	COSS2339378
8	98846962	98863876	7	COSS1780732
7	56142755	57401695	5	COSS1780481
3	180647263	181944239	6	COSS2195057
X	1748581	2638499	5	COSS1782130
3	15810309	15867375	0	COSS2195241
21	19422940	19437353	0	COSS2195028
10	95655490	95679350	5	COSS2195132
9	17682174	17687431	0	COSS2195023
17	31955153	32343508	5	COSS1780932
10	52881197	52895679	0	COSS2263117
4	154653864	154666899	0	COSS2195212
7	115895235	115918955	0	COSS1781761
11	75452392	75483623	0	COSS2385919
3	89407025	89419381	0	COSS1780322
10	127483964	127497395	0	COSS2195088
18	23394486	61928706	5	COSS2385925
X	2376114	2571725	6	COSS2195114
3	144933520	149414791	6	COSS2385914
17	18355392	18469197	0	COSS2195166
3	45731784	45740898	0	COSS1782130
8	3814277	3886946	0	COSS1782814
8	4443071	4531025	0	COSS2385903
10	68702829	69311857	1	COSS2195178
2	240328202	243089456	1	COSS2195009
6	3412971	3481662	0	COSS2195190
8	104351670	116351162	5	COSS2195084
2	64667808	64693013	0	COSS2195010
1	217988589	217994086	6	COSS2195101
1	110225642	110242953	7	COSS1781036
9	15996647	17955920	0	COSS2195210
7	42969719	44599468	5	COSS1783058
6	162636455	162709948	0	COSS2195181
1	152555706	152586238	0	COSS1782814
5	44714330	45107208	5	COSS1781276
8	90948273	90961856	0	COSS2263116
5	40165557	46382652	6	COSS1781036
9	116044998	116131010	0	COSS2195174
12	131014173	131018263	0	COSS2195115
X	32769118	33311768	0	COSS2385884
16	32433053	32791269	1	COSS2385905
18	76161247	78015057	0	COSS1781276
3	186037721	190003604	6	COSS1782130
1	25595881	25646986	0	COSS2195008
3	106132156	120486731	6	COSS1782191
8	27961576	29911115	1	COSS2195113
6	30454076	30482993	0	COSS2263428
12	131723291	131834052	0	COSS2195179
8	10255679	11857206	0	COSS1782830
1	208566805	211968457	5	COSS2195125
8	41108152	41328522	5	COSS1781045
4	110169236	110249905	0	COSS1781311
20	7304960	8698339	5	COSS2195164
4	183233693	183246696	5	COSS1781877
5	111225316	111343934	0	COSS1781022
2	168180484	183528670	6	COSS1781111
13	53513100	57687157	1	COSS2195113
5	145411840	145423346	0	COSS2262817
5	22592625	22716346	5	COSS2195163
21	42517222	43671388	0	COSS2195143
11	4972005	4976272	0	COSS1781556
8	50408207	50659324	5	COSS1782577
11	91945070	92131293	5	COSS1781276
21	45969524	45992076	0	COSS2195154
17	80234895	80555214	5	COSS1782843
11	5788080	5809139	0	COSS2195166
4	69374941	69528959	5	COSS1780846
11	134157112	134210529	0	COSS2195233
9	38371434	47217176	1	COSS1782783
3	93520016	197896118	5	COSS2195142
14	63744521	63944791	0	COSS2263115
12	41332509	42721170	6	COSS1781045
5	15532	1443728	5	COSS2195146
3	45124351	45133774	0	COSS1780846
20	12742637	13464130	6	COSS2195182
3	142277536	149811643	5	COSS1781015
8	26328110	26330719	0	COSS1782675
7	140615898	140746357	5	COSS1782491
14	23102439	23113646	5	COSS2195181
6	89950913	89968712	0	COSS1780786
1	149036524	149789022	0	COSS2195090
11	34951287	36094846	5	COSS2195100
4	164497602	165117113	0	COSS1781118
1	186281696	186315964	5	COSS2195203
3	25334089	25364273	0	COSS1782175
5	480509	1995687	8	COSS1783058
17	68032743	68074695	5	COSS1782843
14	106218585	106767739	6	COSS2195179
4	172989148	172989533	7	COSS2195132
3	188966849	189226411	5	COSS2195141
1	196709223	196789082	8	COSS1780772
1	217092655	217105805	0	COSS1780846
1	203174864	203189355	6	COSS1781228
1	196812507	196839095	0	COSS1781276
1	188076020	190722163	5	COSS1781334
1	191129196	194588223	5	COSS1781334
1	214988244	229045271	5	COSS1781334
1	217657137	217699342	5	COSS1781722
1	196727850	196815791	0	COSS1781761
1	196790269	196905159	0	COSS1781859
1	207781995	207820252	6	COSS1781877
1	196789228	196901753	0	COSS1782675
1	205013871	205023014	7	COSS2195019
1	191770805	192412008	7	COSS2195040
1	214137225	241534973	5	COSS2195090
1	207734866	208566778	7	COSS2195125
1	192589198	195400135	6	COSS2195128
1	195820167	249224388	6	COSS2195128
1	196711067	196815791	5	COSS2195137
1	198146240	200219020	0	COSS2195141
1	197811282	198217250	5	COSS2195143
1	211024612	211082704	0	COSS2195168
1	225578019	226000308	7	COSS2195190
1	206973036	206982066	0	COSS2195230
1	209940675	210387562	6	COSS2195230
1	196761820	196799505	7	COSS2263115
1	219871276	219889747	0	COSS2263116
1	206902050	209369716	5	COSS2339379
1	209369795	210337726	6	COSS2339379
1	210338005	211189658	5	COSS2339379
1	219947840	220973563	5	COSS2339379
1	195221220	200263195	5	COSS2340065
1	219871422	219890297	0	COSS2385871
1	209866537	210748637	5	COSS2385887
1	203501679	205845259	7	COSS2385887
1	214586697	215861608	5	COSS2385887
1	217572287	219847775	5	COSS2385887
1	219865236	219889747	0	COSS2385895
1	196738623	196828802	6	COSS2385913
2	59650125	61210329	8	COSS1780355
2	48899150	49882626	6	COSS1780355
2	48118896	48894621	8	COSS1780355
2	49883117	52495799	8	COSS1780355
2	62386703	63939417	7	COSS1780355
2	58161355	58169950	0	COSS1780475
2	57771605	62598031	7	COSS1780563
2	45408269	45974855	5	COSS1780846
2	60714861	63599547	8	COSS1780932
2	57884430	60457848	7	COSS1781036
2	58954705	62068902	5	COSS1781045
2	58165595	58169950	0	COSS1781276
2	60937517	61671743	7	COSS1781715
2	36605417	36612480	0	COSS1781793
2	60573306	66726453	5	COSS1781809
2	24566588	24587571	0	COSS1781953
2	46205320	46764306	5	COSS1782130
2	54857801	60537190	5	COSS1782223
2	28358334	28359496	5	COSS1782491
2	51176754	51453243	0	COSS1782814
2	60629211	62413988	7	COSS1783002
2	53237916	56571923	5	COSS1783015
2	44702785	49517511	5	COSS1783015
2	31247485	31252661	0	COSS1783181
2	56235501	56873105	5	COSS2195044
2	58818470	77432776	5	COSS2195044
2	60720757	60749941	0	COSS2195074
2	61451375	62335299	5	COSS2195100
2	55618813	55651098	0	COSS2195112
2	29986208	31617420	7	COSS2195171
2	56519094	57002137	5	COSS2195171
2	57099684	60496246	6	COSS2195171
2	60750560	61983953	5	COSS2195171
2	28878741	29980794	6	COSS2195171
2	50238480	50252819	5	COSS2195240
2	30075011	30088023	6	COSS2339898
2	32635284	33331778	6	COSS2385862
2	47076673	47886646	5	COSS2385887
2	50787472	51438639	6	COSS2385887
2	47892005	50283037	6	COSS2385887
2	47385011	49000874	5	COSS2385889
2	49001931	49514307	6	COSS2385889
2	60645088	61346133	8	COSS2385891
2	61352985	64011382	6	COSS2385891
2	30864326	30872366	7	COSS2385893
3	4602498	4608593	0	COSS1780241
3	1357876	1366846	1	COSS1780322
3	60345	380341	0	COSS1780387
3	4594652	4607133	0	COSS1780387
3	3965271	3971968	0	COSS1780425
3	9140800	9145554	0	COSS1780550
3	3971379	3972228	0	COSS1780563
3	3970428	3997683	0	COSS1780667
3	21999782	22008061	0	COSS1780674
3	11613878	11822616	0	COSS1780705
3	16551795	16680667	0	COSS1780772
3	9123090	9211160	0	COSS1780772
3	21999492	22000946	0	COSS1780959
3	16662488	16670655	1	COSS1781118
3	10842216	11762264	0	COSS1781318
3	19979487	20164264	0	COSS1781334
3	8940417	9001672	0	COSS1781514
3	11635631	11654007	0	COSS1781534
3	27277986	30906417	0	COSS1781598
3	8948751	8956418	0	COSS1781625
3	15797106	16014736	0	COSS1781715
3	8933048	9005931	0	COSS1781722
3	14470911	14480778	7	COSS1781793
3	8941834	8997137	0	COSS1782130
3	3963804	3971538	0	COSS1782142
3	9123134	9145554	0	COSS1782223
3	4601519	4608593	0	COSS1782350
3	24446430	24502132	0	COSS1782368
3	13004851	13275607	0	COSS1782626
3	9034527	9041346	0	COSS1782691
3	13494568	13522988	0	COSS1782814
3	25537503	25564898	0	COSS1782814
3	11462624	11730767	0	COSS1783065
3	3960033	3974718	0	COSS1783174
3	25195123	25390429	0	COSS2195012
3	8897236	9645068	0	COSS2195012
3	6936053	8446505	0	COSS2195023
3	4602847	4608593	1	COSS2195032
3	4713093	4752584	0	COSS2195036
3	1134445	1247144	0	COSS2195040
3	29456055	29976238	0	COSS2195053
3	4230372	4344156	0	COSS2195099
3	11370234	11479498	0	COSS2195103
3	3959344	3997873	0	COSS2195103
3	11633587	11706197	0	COSS2195108
3	11438757	11626605	0	COSS2195109
3	10318113	11843908	0	COSS2195115
3	32239401	32445246	0	COSS2195115
3	21985430	21999895	0	COSS2195123
3	11321509	11393087	0	COSS2195126
3	11258191	11708591	0	COSS2195133
3	31749196	31771940	0	COSS2195147
3	2300898	2348121	0	COSS2195154
3	3961273	3976417	0	COSS2195174
3	3967467	3971968	0	COSS2195180
3	11587985	11647404	0	COSS2195181
3	11303213	11406428	0	COSS2195188
3	3960071	3976417	0	COSS2195192
3	3742289	4340375	0	COSS2195222
3	19378516	19807022	0	COSS2195223
3	21990832	22000330	0	COSS2195233
3	8949343	8985432	0	COSS2195239
3	11599109	11777157	0	COSS2195240
3	295654	877925	5	COSS2195240
3	16294894	16301791	0	COSS2385863
3	11387716	11731620	0	COSS2385864
3	11204085	11762264	0	COSS2385869
3	31734989	31771940	0	COSS2385885
3	31758485	31793857	0	COSS2385886
3	10267367	10391591	6	COSS2385893
3	16294258	16301791	0	COSS2385896
3	4345766	4954889	0	COSS2385901
3	11363043	11676582	0	COSS2385901
3	30166580	31539333	0	COSS2385911
3	31735039	31771940	0	COSS2385912
3	31754829	31771940	0	COSS2385913
3	11291171	11614890	0	COSS2385919
3	31753674	31771940	0	COSS2385920
4	1798473	1922426	5	COSS1780681
4	4522119	4551611	0	COSS1780705
4	21001815	21523839	0	COSS1781015
4	20946519	20950879	0	COSS1781118
4	20947719	20953796	0	COSS1781276
4	4525509	4551611	0	COSS1782783
4	4195400	4828389	0	COSS1782798
4	21455993	21877948	0	COSS1783065
4	3263776	3276343	7	COSS2195114
4	1222836	1306039	0	COSS2195161
4	21102278	21172465	0	COSS2195166
4	20945654	20952556	0	COSS2195170
4	43124	62126	6	COSS2195177
4	2841240	53258947	2	COSS2195178
4	10648867	10654270	8	COSS2195220
4	1091062	1118743	0	COSS2339379
4	21583539	21684463	0	COSS2339379
4	17645350	17881876	0	COSS2385891
4	43629	66719	5	COSS2385898
4	5979253	5995989	0	COSS2385903
4	14410216	47014595	2	COSS2385908
5	153696792	153712738	0	COSS1780257
5	151182636	151197213	0	COSS1780322
5	156624319	156635047	0	COSS1780355
5	168160554	168170708	0	COSS1780371
5	136555421	136608720	1	COSS1780404
5	153119429	153123488	0	COSS1780654
5	155607347	155726678	0	COSS1780952
5	147381905	147469788	0	COSS1780966
5	168164744	168170842	0	COSS1781437
5	168156158	168170708	0	COSS1781584
5	147548328	147560012	1	COSS1781591
5	168155311	168165399	0	COSS1781761
5	153120048	153123488	0	COSS1781960
5	153045895	153066015	5	COSS1782130
5	169329274	169346367	0	COSS1782337
5	130750469	131050780	1	COSS1782427
5	130739414	131050780	0	COSS1782765
5	169335129	169345248	0	COSS1782765
5	168378392	168386194	0	COSS1782765
5	168164077	168170708	0	COSS1782904
5	168161129	168170842	0	COSS1782952
5	136604873	136608677	0	COSS1783174
5	136604250	136608720	1	COSS2195009
5	169328629	169356084	0	COSS2195010
5	160915124	160966352	0	COSS2195013
5	168205653	168212456	0	COSS2195092
5	136017527	136604250	2	COSS2195107
5	150506086	150523163	1	COSS2195119
5	153695851	153712738	0	COSS2195123
5	130773534	130795567	0	COSS2195141
5	137332684	140104764	5	COSS2195169
5	153575345	153711545	5	COSS2195169
5	136606085	136610296	0	COSS2195177
5	150796248	150846115	0	COSS2195190
5	136603755	136608677	0	COSS2195208
5	136605104	136609992	0	COSS2195230
5	150918766	151030067	0	COSS2385863
5	132897304	132925236	0	COSS2385867
5	136591074	136609992	0	COSS2385871
5	145313920	145411558	0	COSS2385871
5	156996758	157092872	0	COSS2385890
5	136605516	136609992	0	COSS2385891
5	157055340	178236562	2	COSS2385905
5	159850699	160106245	1	COSS2385915
5	130849205	131170318	0	COSS2457465
6	166997177	167017774	0	COSS1780732
6	156827382	157384930	0	COSS1781022
6	162746442	162841431	1	COSS1782544
6	162854383	162906921	1	COSS1782544
6	168335278	168595919	6	COSS2195012
6	157134680	157499060	0	COSS2195013
6	162359198	162430993	0	COSS2195100
6	152644111	152662520	7	COSS2195114
6	162777705	162806262	0	COSS2195134
6	160772842	160775578	0	COSS2195190
6	168336630	168595919	5	COSS2195227
6	140839324	143004353	5	COSS2195232
6	154755809	154765295	0	COSS2263115
6	152656215	152662520	5	COSS2263428
6	162542084	162574237	5	COSS2339898
6	152540357	152543949	0	COSS2385879
6	163059302	163123751	0	COSS2385891
6	162650977	162827464	0	COSS2385891
6	168346723	168598908	6	COSS2385917
7	90591200	94579138	5	COSS1780241
7	55424027	56140618	7	COSS1780481
7	57401695	68753429	6	COSS1780481
7	69574352	71156065	5	COSS1780481
7	79553908	86425335	5	COSS1780563
7	95001599	95102534	6	COSS1780758
7	89979545	93508171	6	COSS1780973
7	64682750	65162182	1	COSS1781118
7	81989335	83431581	5	COSS1781276
7	92978467	94048229	5	COSS1781276
7	91623521	91672144	1	COSS1781283
7	90060169	109893606	5	COSS1781334
7	83782839	85741684	6	COSS1781334
7	79109642	83614304	6	COSS1781334
7	85742547	89462705	5	COSS1781334
7	55609446	55935808	7	COSS1781347
7	88816653	88833834	6	COSS1781347
7	91427944	94116723	5	COSS1781347
7	84873886	88579834	6	COSS1781347
7	88838746	91112554	5	COSS1781347
7	88834339	88838483	5	COSS1781347
7	55172285	55219194	5	COSS1781514
7	91617115	91688834	0	COSS1781715
7	70088938	70176913	0	COSS1782191
7	69429577	69885310	0	COSS1782254
7	81567119	81630965	1	COSS1782427
7	69210089	69711264	1	COSS1782427
7	84965088	92690610	7	COSS1782491
7	56604718	57536727	7	COSS1783058
7	70063305	71110900	5	COSS1783167
7	57502100	57914523	5	COSS2195012
7	71878790	73098126	8	COSS2195022
7	70370469	70962382	5	COSS2195022
7	78944130	79025396	0	COSS2195041
7	76453683	76606812	0	COSS2195057
7	77297928	78019919	0	COSS2195059
7	77971659	77982085	0	COSS2195074
7	89209201	97782821	8	COSS2195078
7	86713453	89206271	7	COSS2195078
7	93041548	98016373	5	COSS2195083
7	84200827	84669158	6	COSS2195083
7	90756548	91299161	6	COSS2195083
7	94904876	97681444	5	COSS2195084
7	76871113	85434300	5	COSS2195084
7	69236747	70206861	2	COSS2195110
7	71013837	71040109	0	COSS2195132
7	87110351	89808764	5	COSS2195152
7	55225441	55250130	0	COSS2195177
7	69250306	69567938	0	COSS2195181
7	72206435	72975162	6	COSS2195232
7	56424739	57279430	7	COSS2339379
7	66156715	66804211	5	COSS2339379
7	94904193	94911318	5	COSS2339663
7	64680335	64900821	0	COSS2339898
7	76137284	76513172	6	COSS2339898
7	70179811	70228949	0	COSS2385871
7	94267862	98876458	6	COSS2385885
7	89369457	94267785	5	COSS2385885
7	76161422	76557212	0	COSS2385885
7	84720096	87966682	7	COSS2385885
7	81957545	81986959	0	COSS2385887
7	87603743	89325620	6	COSS2385889
7	89328763	93640448	5	COSS2385889
7	70088656	70171348	0	COSS2385890
7	94903420	94911318	5	COSS2385914
7	78801886	78852693	0	COSS2385923
8	130993818	131025034	5	COSS1780475
8	117600262	121684187	7	COSS1780563
8	121684793	123651639	5	COSS1780563
8	128094460	128897079	5	COSS1780563
8	127483918	129059812	7	COSS1781104
8	129060804	131064795	8	COSS1781104
8	133130867	133139094	1	COSS1781163
8	131890170	131914633	5	COSS1781276
8	124934558	125009108	0	COSS1781276
8	133757516	146298155	5	COSS1781527
8	124653795	124664239	7	COSS1781556
8	133220509	133252199	6	COSS1781715
8	128890261	130276041	7	COSS1782491
8	130864813	132325489	8	COSS1782491
8	132564788	133479384	6	COSS1782491
8	133705089	137057465	6	COSS1782491
8	127311664	129861680	5	COSS2195027
8	122240511	131903279	5	COSS2195040
8	131906324	134826836	6	COSS2195040
8	137862435	146298155	5	COSS2195040
8	134829154	137682359	5	COSS2195040
8	128559157	129493657	8	COSS2195081
8	127601843	130449601	8	COSS2195084
8	116352569	127601843	7	COSS2195084
8	133516042	139124528	6	COSS2195084
8	130952338	131361974	7	COSS2195084
8	130452744	130944515	7	COSS2195084
8	139124839	141809120	5	COSS2195084
8	122615781	123026927	5	COSS2195128
8	119973830	121482989	7	COSS2195148
8	123544259	124829750	7	COSS2195148
8	121484748	123543258	6	COSS2195148
8	124945345	126261635	7	COSS2195148
8	134730865	136887238	5	COSS2195148
8	137482395	140957511	6	COSS2195148
8	130528077	132739573	8	COSS2195148
8	132739778	134726764	6	COSS2195148
8	131856583	131910812	6	COSS2195152
8	128309498	128466814	6	COSS2195167
8	123637587	123822629	6	COSS2195170
8	131879068	131909884	5	COSS2195171
8	120910380	120931611	5	COSS2195180
8	136499967	136932922	5	COSS2195230
8	126970966	128948225	5	COSS2195230
8	132145040	146298155	5	COSS2195239
8	119420424	128124916	5	COSS2339379
8	128601372	130993818	5	COSS2339379
8	118717711	119420362	6	COSS2339379
8	128125195	128601202	6	COSS2339379
8	128901471	130452744	7	COSS2385887
8	130699420	133023149	5	COSS2385887
8	124676037	124744660	6	COSS2385887
8	116368443	116702809	0	COSS2385893
8	140585526	140613957	8	COSS2385914
8	130070207	146298155	5	COSS2385917
8	126679220	130056077	5	COSS2385917
10	47084785	47676774	7	COSS1780732
10	27618569	27758326	0	COSS1780822
10	21836287	22208790	0	COSS1781118
10	49765063	49772326	0	COSS1781228
10	13810059	14034324	0	COSS1781485
10	24377674	24378054	0	COSS1781506
10	25703541	25706841	0	COSS1781549
10	13054506	13064223	0	COSS1781577
10	50137677	51028369	1	COSS1781591
10	31251334	31251726	0	COSS1781625
10	37592001	37615578	0	COSS1781877
10	51136180	51779747	5	COSS1782491
10	43225806	47948060	5	COSS1782491
10	44012965	44051819	5	COSS1782733
10	46037334	46088061	0	COSS1783033
10	36629308	37237812	5	COSS2195011
10	50300179	50317778	0	COSS2195013
10	13056550	13058840	0	COSS2195044
10	25847149	25877576	0	COSS2195051
10	24377676	24378054	0	COSS2195060
10	34986255	35020345	0	COSS2195069
10	19033187	24720098	5	COSS2195083
10	47096230	48005227	8	COSS2195090
10	24029117	24034462	0	COSS2195094
10	24372757	24378054	0	COSS2195113
10	27068310	27126903	0	COSS2195127
10	47102723	47704605	5	COSS2195152
10	13872170	13875739	0	COSS2195155
10	50297565	50319421	0	COSS2195168
10	43209711	44264175	5	COSS2195193
10	25845754	25877576	0	COSS2195207
10	50033995	50624168	0	COSS2195209
10	47542094	47678004	0	COSS2195212
10	50307117	50317778	0	COSS2263115
10	13057466	13071214	0	COSS2339378
10	32509647	32623550	0	COSS2339379
10	27634505	27702509	0	COSS2339897
10	47560479	47657676	0	COSS2385867
10	50301665	50319421	0	COSS2385894
10	47103613	48117203	5	COSS2385899
10	28143804	28179053	0	COSS2385910
12	71094057	71304577	0	COSS1780617
12	41160592	41526591	5	COSS1780772
12	47540362	48279640	8	COSS1781045
12	48282805	49420078	5	COSS1781045
12	45469557	46590629	7	COSS1781045
12	42722219	45462692	5	COSS1781045
12	68769856	73338838	7	COSS1781111
12	64277384	65571343	6	COSS1781111
12	67878339	68756820	7	COSS1781111
12	77214093	77220193	6	COSS1781809
12	45163151	45174665	5	COSS1781877
12	53058051	53071560	7	COSS1782223
12	67658310	68255179	8	COSS1782337
12	68255932	70547414	5	COSS1782337
12	52688684	52787221	6	COSS1782392
12	71759824	73200357	0	COSS1782888
12	57933490	58074209	6	COSS1783167
12	65679806	65912536	5	COSS1783167
12	42720944	42848206	5	COSS1783167
12	61894062	65271921	6	COSS2195022
12	67287096	68665489	6	COSS2195022
12	70268365	70632921	6	COSS2195022
12	57981815	58236610	7	COSS2195022
12	54325796	54478618	5	COSS2195035
12	67143374	67698236	1	COSS2195104
12	59863814	60243736	2	COSS2195107
12	65455157	65491163	0	COSS2195121
12	52920414	52927915	5	COSS2195132
12	70047753	70354689	7	COSS2195139
12	71691609	72088304	5	COSS2195139
12	52678900	52787221	5	COSS2195143
12	78229365	78253730	0	COSS2195173
12	70795615	70807525	0	COSS2195173
12	44336404	44408165	0	COSS2195173
12	73015662	73386152	8	COSS2195177
12	68679849	68739720	6	COSS2195190
12	69707314	70441388	5	COSS2195192
12	64235676	65155726	5	COSS2195220
12	47911189	48458944	5	COSS2195220
12	66826359	67805700	8	COSS2195220
12	65917502	66824995	5	COSS2195220
12	69293342	70964713	6	COSS2195220
12	46148745	49021493	7	COSS2339898
12	40521493	41839724	5	COSS2339898
12	41840210	42577091	6	COSS2339898
12	68877237	72813013	5	COSS2385863
12	45429911	46177352	5	COSS2385872
12	65482038	65491163	0	COSS2385909
17	64510410	64513891	0	COSS1780481
17	63644243	63681102	1	COSS1780511
17	63644331	63681102	0	COSS1780563
17	78596040	78614824	6	COSS1780932
17	66425271	70889995	5	COSS1781111
17	71150116	74171905	7	COSS1781334
17	74174087	74574132	5	COSS1781334
17	61854746	62080969	6	COSS1782843
17	74738008	75088196	5	COSS1782843
17	65440440	66365312	5	COSS1782843
17	73444000	73900148	6	COSS1782843
17	75606692	76166196	6	COSS1782843
17	65346116	68223625	5	COSS2195010
17	69263560	71445633	6	COSS2195010
17	78300821	78315275	1	COSS2195032
17	68078590	68093376	5	COSS2195033
17	63754860	63936932	0	COSS2195053
17	62492413	62493633	5	COSS2195180
17	80985269	81004770	0	COSS2195207
17	57765174	57891955	0	COSS2195229
17	65293134	65831490	5	COSS2195232
17	74913937	74940312	0	COSS2385869
17	76676385	80092131	7	COSS2385914
17	70273851	71725632	5	COSS2385914
19	54658001	56293701	6	COSS1780241
19	58322424	59097854	5	COSS1780241
19	51385402	51436869	0	COSS1780550
19	52142615	52148197	0	COSS1780705
19	42190859	42260569	0	COSS1780846
19	37453997	37481153	5	COSS1780959
19	43506174	43852707	0	COSS1780973
19	38000468	39421820	5	COSS1781045
19	43491087	43876347	0	COSS1781090
19	33190600	34365474	6	COSS1781104
19	43703033	43756237	0	COSS1781179
19	44849880	44876158	6	COSS1781520
19	52869278	52873005	8	COSS1781520
19	37461850	37598312	6	COSS1781715
19	33868013	33885118	0	COSS1781793
19	55193836	55383051	0	COSS1782223
19	43387674	43530358	0	COSS1782321
19	58867171	59097854	6	COSS1783015
19	33918343	34041157	6	COSS1783015
19	52860055	52880354	5	COSS1783058
19	44869075	44937191	0	COSS2195033
19	57062047	59097854	5	COSS2195044
19	38586721	40907539	6	COSS2195074
19	32509513	33132504	6	COSS2195074
19	36686394	37056955	7	COSS2195084
19	32996122	34035562	5	COSS2195084
19	34035676	34451779	7	COSS2195084
19	43541419	43694930	0	COSS2195107
19	52867714	52873005	6	COSS2195112
19	33251023	33860858	8	COSS2195112
19	33175323	33250518	5	COSS2195112
19	43049205	44637417	5	COSS2195114
19	31680980	31933544	6	COSS2195114
19	44638936	45459671	8	COSS2195114
19	31936411	37935619	5	COSS2195114
19	34608654	34808756	0	COSS2195115
19	33122886	34820321	5	COSS2195128
19	34825044	38762557	6	COSS2195128
19	33019555	47337668	5	COSS2195132
19	58108165	58154955	0	COSS2195132
19	53596169	53776899	0	COSS2195132
19	44887618	47041284	5	COSS2195134
19	43703504	43766659	0	COSS2195146
19	40011902	40974287	6	COSS2195147
19	43076058	46007226	5	COSS2195147
19	40127852	40311008	0	COSS2195148
19	43290773	43628728	0	COSS2195156
19	35861848	35870348	0	COSS2195172
19	36846150	36847498	0	COSS2195173
19	32944043	33860858	8	COSS2195174
19	37016325	46280628	5	COSS2195177
19	42245554	42261720	0	COSS2195180
19	58751393	59097854	6	COSS2195192
19	40335231	41126427	7	COSS2195204
19	54518310	58500677	5	COSS2263115
19	41523504	42387879	5	COSS2339379
19	31566763	33762257	5	COSS2339379
19	36878453	38221545	5	COSS2339379
19	40974287	41520177	7	COSS2339379
19	32229754	37298700	7	COSS2339898
19	40534637	41122004	7	COSS2339898
19	36846190	36847637	0	COSS2385871
19	43591253	43687847	1	COSS2385877
19	33044838	33096406	1	COSS2385877
19	41274885	41564907	0	COSS2385879
19	38015828	41764918	7	COSS2385889
19	36574798	39622846	5	COSS2385895
19	58684519	59097854	8	COSS2385902
19	50994424	53769714	2	COSS2385908
19	56446304	59097854	2	COSS2385908
19	38310332	39353061	5	COSS2385913
19	50315423	50370639	7	COSS2385917
19	43564206	43694930	0	COSS2385924
20	42258662	48201134	5	COSS1780410
20	48617623	49840895	5	COSS1780410
20	48205494	48616217	6	COSS1780410
20	62883855	62956153	0	COSS1780475
20	24909364	31181808	6	COSS1780973
20	51910787	53284764	7	COSS1780973
20	32799098	34854324	6	COSS1780973
20	40038269	40341122	7	COSS1780973
20	47815744	49624500	7	COSS1780973
20	43731022	46465903	7	COSS1780973
20	50449478	51182521	8	COSS1780973
20	49106329	50447800	6	COSS1781045
20	50449225	51179780	7	COSS1781045
20	55026741	61536938	6	COSS1781104
20	30956108	31144462	2	COSS1781311
20	32857814	33046026	7	COSS1781334
20	44922750	44972512	6	COSS1781793
20	47626847	47637021	0	COSS1782350
20	62892756	62956153	0	COSS1782798
20	42647643	42657862	5	COSS1782798
20	60441881	62956153	6	COSS1783058
20	60103968	60441851	7	COSS1783058
20	33673457	34390890	5	COSS2195062
20	62876519	62956153	1	COSS2195073
20	33769019	34611880	5	COSS2195077
20	51230686	52107225	1	COSS2195106
20	31184599	34191197	5	COSS2195141
20	29454342	31181808	6	COSS2195141
20	40098965	40672959	6	COSS2195147
20	36242860	36514542	8	COSS2195192
20	32218613	32264575	0	COSS2262816
20	32787460	33583733	6	COSS2339379
20	39443361	40511840	5	COSS2339379
20	61143487	61716501	6	COSS2339379
20	34742025	35526988	6	COSS2339379
20	29428523	39274282	5	COSS2385891
21	28280351	28291455	1	COSS1780322
21	35281393	35335100	0	COSS1780550
21	31202475	31220453	0	COSS1780945
21	41567404	41575505	5	COSS1781111
21	30508013	30576970	2	COSS1781311
21	43160438	43952437	0	COSS1781598
21	28688387	32192121	0	COSS1781847
21	43314604	43875969	0	COSS1781847
21	27325040	28361266	0	COSS1781847
21	42694284	43359169	0	COSS1782119
21	25663902	27795426	5	COSS1782191
21	27795838	29118234	6	COSS1782191
21	43743542	43953292	0	COSS1782350
21	31819376	31913718	6	COSS2195011
21	41313157	42072240	0	COSS2195014
21	41565985	41576918	5	COSS2195022
21	41567051	41575505	6	COSS2195074
21	36958489	37118073	0	COSS2195087
21	33886986	33927976	0	COSS2195171
21	43355463	46740019	2	COSS2195214
21	29435869	34299466	2	COSS2195214
21	46114597	46135205	0	COSS2195224
21	36382334	36388476	7	COSS2263115
21	43369599	43382981	0	COSS2385875
21	47323928	47343376	5	COSS2385876
21	48016948	48096957	0	COSS2457467
22	24350529	24396814	0	COSS1780257
22	26392172	26396647	5	COSS1780410
22	18308819	18317621	5	COSS1780462
22	32594446	32607198	7	COSS1780475
22	16052528	18596289	2	COSS1780511
22	25479479	25568128	5	COSS1780772
22	33163348	33168882	5	COSS1780932
22	25700469	25922347	5	COSS1781036
22	29969456	30355281	6	COSS1781045
22	30356456	32157599	8	COSS1781045
22	37932486	39395507	5	COSS1781111
22	20705775	25247502	6	COSS1781111
22	25656250	25931450	0	COSS1781527
22	17436846	17461983	6	COSS1781556
22	20723699	20761494	0	COSS1781577
22	18298527	18312503	5	COSS1781809
22	25650176	25925078	0	COSS1782061
22	22315106	22579801	0	COSS1782392
22	25885704	26008103	8	COSS1782491
22	20304643	25885353	5	COSS1782491
22	25661376	25931033	0	COSS1782722
22	18395877	21567231	5	COSS1782920
22	32173658	32271064	0	COSS1782987
22	25181393	25465142	2	COSS2195032
22	20178915	21415941	7	COSS2195049
22	21416404	22627056	5	COSS2195049
22	17365500	17506539	8	COSS2195049
22	23482718	35326354	5	COSS2195049
22	36555472	39553003	5	COSS2195049
22	26174397	26332225	0	COSS2195053
22	25722272	25906361	0	COSS2195057
22	32575149	32592477	0	COSS2195059
22	25754343	25878529	1	COSS2195073
22	41889306	43773877	5	COSS2195074
22	19684688	21462458	5	COSS2195125
22	18133285	18221739	0	COSS2195132
22	22315089	22579822	0	COSS2195147
22	25658561	25918709	0	COSS2195153
22	33562683	33800119	0	COSS2195181
22	18877787	19004772	5	COSS2195205
22	18650682	19034463	5	COSS2195239
22	24370430	24402321	0	COSS2262996
22	19194292	21103293	5	COSS2339663
22	21103406	22131325	7	COSS2339663
22	32574683	32592120	0	COSS2385884
22	21462651	21595178	0	COSS2385886
22	20259398	21460514	5	COSS2385887
22	20775326	24727335	6	COSS2385903
22	18114956	18115277	0	COSS2457465
